622 10 10 2 20 0.0 0.0 0.0 0.0 0.0 0.0 0.0 0.0 0.0 0.0 0.0 0.1
622 10 10 2 21 0.3 1.1 0.2 0.0 0.0 0.0 0.0 0.0 0.0 0.0 0.0 0.1
622 10 10 3 15 0.0 0.0 0.0 0.0 0.0 0.0 0.0 0.0 0.1 0.0 0.0 0.0
622 10 10 3 17 0.0 0.0 0.0 0.0 0.0 0.0 0.0 0.0 0.0 0.1 0.9 0.3
622 10 10 3 18 0.4 0.3 0.3 0.2 0.1 0.2 0.0 0.0 0.0 0.0 0.1 0.0
622 10 10 3 19 0.1 0.0 0.0 0.0 0.0 0.0 0.0 0.0 0.0 0.0 0.0 0.0
622 10 10 4 11 0.0 0.0 0.1 0.1 0.1 0.0 0.0 0.0 0.0 0.0 0.1 0.0
622 10 10 4 13 0.0 0.0 0.0 0.0 0.0 0.0 0.0 0.0 0.1 0.0 0.0 0.0
622 10 10 4 14 0.0 0.0 0.0 0.0 0.0 0.0 0.0 0.0 0.0 0.1 0.0 0.0
622 10 10 4 16 0.0 0.0 0.0 0.0 0.0 0.0 0.0 0.0 0.0 0.0 0.0 0.1
622 10 10 5 24 0.0 0.0 0.0 0.0 0.0 0.0 0.0 0.0 0.0 0.1 0.1 0.0
622 10 10 6 1 0.0 0.1 0.0 0.0 0.0 0.0 0.0 0.0 0.0 0.0 0.0 0.0
622 10 10 6 2 0.0 0.0 0.0 0.0 0.1 0.0 0.1 0.0 0.0 0.0 0.0 0.1
622 10 10 6 3 0.0 0.0 0.1 0.1 0.1 0.1 0.0 0.1 0.1 0.0 0.0 0.0
622 10 10 6 4 0.1 0.0 0.0 0.0 0.0 0.0 0.0 0.0 0.0 0.0 0.0 0.0
622 10 10 6 16 0.0 0.0 0.0 0.0 0.1 0.0 0.1 0.1 0.1 0.0 0.1 0.0
622 10 10 6 17 0.1 0.0 0.1 0.0 0.1 0.0 0.0 0.1 0.0 0.0 0.0 0.1
622 10 10 6 18 0.1 0.2 0.1 0.1 0.0 0.0 0.0 0.1 0.0 0.0 0.0 0.1
622 10 10 6 19 0.0 0.0 0.0 0.1 0.0 0.0 0.0 0.0 0.0 0.0 0.0 0.0
622 10 10 6 22 0.0 0.0 0.1 0.0 0.0 0.0 0.0 0.0 0.0 0.0 0.0 0.0
622 10 10 6 24 0.0 0.0 0.0 0.0 0.0 0.0 0.0 0.0 0.1 0.1 0.2 0.4
622 10 10 7 1 0.3 0.0 0.0 0.0 0.0 0.0 0.0 0.0 0.0 0.0 0.0 0.0
622 10 10 7 6 0.1 0.1 0.1 0.1 0.2 0.1 0.1 0.0 0.1 0.0 0.0 0.0
622 10 10 7 7 0.0 0.1 0.0 0.0 0.0 0.0 0.0 0.0 0.0 0.0 0.0 0.0
622 10 10 7 12 0.0 0.0 0.0 0.0 0.0 0.0 0.0 0.0 0.0 0.0 0.1 0.0
622 10 10 7 14 0.0 0.1 0.1 0.1 0.2 0.1 0.1 0.1 0.1 0.0 0.0 0.1
622 10 10 7 15 0.1 0.2 0.0 0.1 0.1 0.1 0.2 0.1 0.0 0.0 0.1 0.0
622 10 10 7 16 0.0 0.0 0.0 0.0 0.0 0.0 0.0 0.0 0.1 0.0 0.1 0.0
622 10 10 7 17 0.0 0.1 0.0 0.0 0.0 0.0 0.0 0.0 0.0 0.0 0.0 0.0
622 10 10 7 18 0.0 0.0 0.0 0.0 0.0 0.0 0.0 0.0 0.1 0.1 0.0 0.0
622 10 10 7 19 0.3 0.3 0.1 0.1 0.0 0.0 0.0 0.0 0.0 0.0 0.0 0.0
622 10 10 7 21 0.0 0.0 0.0 0.0 0.0 0.0 0.0 0.0 0.0 0.0 0.1 0.1
622 10 10 7 22 0.1 0.0 0.0 0.0 0.0 0.0 0.0 0.0 0.0 0.0 0.0 0.0
622 10 10 7 23 0.0 0.0 0.0 0.1 0.0 0.0 0.0 0.0 0.0 0.0 0.0 0.0
622 10 10 8 13 0.0 0.1 0.1 0.1 0.0 0.1 0.1 0.0 0.0 0.0 0.0 0.0
622 10 10 8 14 0.0 0.0 0.0 0.0 0.0 0.3 0.4 0.1 0.5 0.3 0.2 0.2
622 10 10 8 15 0.1 0.1 0.1 0.1 0.1 0.2 0.1 0.0 0.0 0.1 0.0 0.0
622 10 10 8 20 0.0 0.0 0.2 0.0 0.0 0.1 0.0 0.0 0.0 0.0 0.0 0.0
622 10 10 11 21 0.0 0.0 0.0 0.1 0.0 0.0 0.1 0.0 0.0 0.0 0.0 0.0
622 10 10 11 22 0.1 0.0 0.0 0.0 0.0 0.1 0.0 0.0 0.0 0.0 0.1 0.0
622 10 10 11 23 0.1 0.0 0.0 0.0 0.0 0.1 0.0 0.0 0.0 0.0 0.1 0.0
622 10 10 11 24 0.0 0.0 0.1 0.0 0.0 0.1 0.0 0.0 0.1 0.0 0.0 0.1
622 10 10 12 1 0.1 0.0 0.1 0.1 0.0 0.1 0.2 0.2 0.1 0.2 0.2 0.2
622 10 10 12 2 0.2 0.1 0.2 0.1 0.2 0.2 0.2 0.2 0.2 0.2 0.1 0.2
622 10 10 12 3 0.2 0.2 0.2 0.2 0.1 0.2 0.2 0.2 0.1 0.2 0.2 0.2
622 10 10 12 4 0.4 0.2 0.2 0.2 0.2 0.1 0.2 0.2 0.2 0.2 0.1 0.2
622 10 10 12 5 0.1 0.2 0.2 0.1 0.1 0.1 0.0 0.0 0.0 0.0 0.2 0.1
622 10 10 12 6 0.0 0.1 0.2 0.1 0.2 0.2 0.2 0.1 0.0 0.1 0.1 0.3
622 10 10 12 7 0.2 0.1 0.0 0.1 0.0 0.1 0.1 0.1 0.1 0.0 0.1 0.1
622 10 10 12 8 0.1 0.1 0.1 0.0 0.1 0.0 0.0 0.1 0.0 0.0 0.1 0.0
622 10 10 12 9 0.0 0.1 0.0 0.1 0.0 0.0 0.0 0.1 0.0 0.0 0.0 0.0
622 10 10 12 10 0.0 0.0 0.0 0.1 0.1 0.0 0.1 0.1 0.1 0.0 0.1 0.1
622 10 10 12 11 0.0 0.1 0.0 0.1 0.0 0.0 0.1 0.1 0.0 0.1 0.1 0.0
622 10 10 12 12 0.0 0.1 0.0 0.1 0.0 0.1 0.0 0.1 0.1 0.0 0.1 0.0
622 10 10 12 13 0.0 0.0 0.1 0.0 0.0 0.0 0.0 0.0 0.0 0.1 0.0 0.0
622 10 10 12 20 0.0 0.0 0.0 0.0 0.0 0.0 0.1 0.1 0.1 0.1 0.2 0.1
622 10 10 12 21 0.1 0.1 0.1 0.1 0.1 0.1 0.1 0.1 0.2 0.1 0.1 0.1
622 10 10 12 22 0.1 0.1 0.2 0.0 0.1 0.1 0.1 0.0 0.2 0.1 0.1 0.0
622 10 10 12 23 0.1 0.0 0.0 0.0 0.0 0.0 0.0 0.0 0.0 0.0 0.1 0.0
622 10 10 12 24 0.1 0.0 0.1 0.2 0.1 0.2 0.3 0.2 0.1 0.0 0.1 0.0
622 10 10 13 1 0.8 0.0 0.1 0.1 0.2 0.2 0.0 0.1 0.0 0.1 0.0 0.1
622 10 10 13 2 0.0 0.0 0.0 0.1 0.0 0.0 0.0 0.0 0.0 0.0 0.0 0.0
622 10 10 13 9 0.0 0.0 0.0 0.1 0.0 0.0 0.1 0.0 0.0 0.0 0.0 0.1
622 10 10 13 10 0.0 0.0 0.0 0.0 0.0 0.0 0.1 0.0 0.0 0.0 0.0 0.0
622 10 10 13 11 0.0 0.0 0.0 0.0 0.0 0.0 0.1 0.0 0.0 0.0 0.0 0.0
622 10 10 13 12 0.0 0.0 0.0 0.0 0.0 0.0 0.0 0.0 0.0 0.0 0.1 0.0
622 10 10 13 13 0.0 0.0 0.0 0.0 0.0 0.0 0.0 0.0 0.0 0.1 0.0 0.0
622 10 10 13 14 0.0 0.1 0.0 0.0 0.0 0.0 0.0 0.0 0.0 0.0 0.0 0.0
622 10 10 13 15 0.0 0.0 0.0 0.1 0.0 0.0 0.0 0.0 0.1 0.0 0.0 0.0
622 10 10 13 16 0.0 0.0 0.0 0.1 0.0 0.0 0.0 0.0 0.0 0.0 0.0 0.0
622 10 10 13 17 0.0 0.1 0.0 0.0 0.0 0.0 0.1 0.0 0.0 0.0 0.1 0.0
622 10 10 13 18 0.0 0.0 0.1 0.0 0.0 0.1 0.0 0.0 0.0 0.0 0.0 0.0
622 10 10 13 20 0.0 0.0 0.0 0.0 0.0 0.0 0.0 0.0 0.0 0.0 0.0 0.1
622 10 10 13 21 0.1 0.0 0.0 0.1 0.0 0.0 0.1 0.0 0.1 0.0 0.0 0.0
622 10 10 13 22 0.2 0.2 0.2 0.3 0.1 0.0 0.1 0.0 0.1 0.0 0.0 0.0
622 10 10 13 24 0.0 0.0 0.0 0.0 0.1 0.0 0.0 0.0 0.0 0.0 0.0 0.0
622 10 10 14 2 0.0 0.1 0.0 0.0 0.1 0.0 0.0 0.0 0.0 0.1 0.0 0.0
622 10 10 14 3 0.0 0.0 0.0 0.0 0.1 0.0 0.1 0.0 0.0 0.0 0.0 0.0
622 10 10 14 4 0.0 0.1 0.0 0.0 0.0 0.1 0.2 0.1 0.1 0.0 0.0 0.0
622 10 10 14 6 0.0 0.0 0.0 0.0 0.0 0.0 0.0 0.0 0.1 0.0 0.0 0.0
622 10 10 14 7 0.0 0.0 0.0 0.0 0.0 0.0 0.0 0.0 0.1 0.0 0.0 0.0
622 10 10 14 8 0.0 0.0 0.0 0.2 1.7 2.5 0.7 0.3 0.3 0.3 0.3 0.3
622 10 10 14 9 0.2 0.2 0.2 0.2 0.1 0.3 0.2 0.1 0.0 0.0 0.0 0.0
622 10 10 15 1 0.3 0.2 0.1 0.1 0.0 0.0 0.0 0.0 0.1 0.2 0.4 0.3
622 10 10 15 2 0.5 0.6 0.8 0.5 0.4 0.1 0.0 0.0 0.0 0.0 0.0 0.0
622 10 10 15 4 0.0 0.0 0.0 0.2 0.5 0.6 0.4 0.7 0.4 0.3 0.3 0.5
622 10 10 15 5 0.5 0.5 0.6 0.3 0.4 0.4 0.4 0.5 0.3 0.4 0.5 0.4
622 10 10 15 6 0.4 0.2 0.6 0.8 0.4 0.0 0.1 0.0 0.0 0.0 0.0 0.1
622 10 10 15 22 0.0 0.0 0.0 0.0 0.0 0.0 0.0 0.0 0.0 0.1 0.0 0.0
622 10 10 15 23 0.0 0.1 0.0 0.0 0.0 0.0 0.1 0.0 0.0 0.0 0.1 0.0
622 10 10 16 5 0.0 0.1 0.1 0.2 0.2 0.2 0.0 0.1 0.1 0.1 0.1 0.1
622 10 10 16 6 0.0 0.0 0.0 0.1 0.0 0.0 0.0 0.0 0.0 0.0 0.0 0.0
622 10 10 16 8 0.0 0.0 0.0 0.0 0.1 0.0 0.0 0.0 0.0 0.0 0.0 0.0
622 10 10 16 9 0.0 0.0 0.0 0.1 0.0 0.0 0.1 0.1 0.1 0.3 0.4 0.2
622 10 10 16 10 0.2 0.0 0.2 0.2 0.0 0.2 0.3 0.4 0.3 0.2 0.1 0.4
622 10 10 16 11 0.4 0.3 0.4 0.1 0.2 0.2 0.1 0.1 0.1 0.2 0.2 0.3
622 10 10 16 12 0.2 0.4 0.2 0.3 0.2 0.2 0.3 0.3 0.0 0.0 0.0 0.0
622 10 10 16 13 0.0 0.1 0.1 0.1 0.2 0.1 0.1 0.0 0.0 0.0 0.0 0.0
622 10 10 16 14 0.1 0.0 0.1 0.1 0.1 0.1 0.1 0.1 0.1 0.2 0.0 0.0
622 10 10 16 15 0.0 0.1 0.1 0.1 0.2 0.2 0.1 0.0 0.0 0.0 0.0 0.0
622 10 10 17 2 0.0 0.0 0.0 0.0 0.0 0.0 0.0 0.1 0.1 0.3 0.5 1.2
622 10 10 17 3 2.8 0.8 1.3 0.5 0.2 0.1 0.2 0.1 0.0 0.1 0.0 0.1
622 10 10 17 4 0.0 0.1 0.0 0.0 0.0 0.0 0.0 0.0 0.0 0.0 0.0 0.0
622 10 10 18 2 0.0 0.0 0.0 0.0 0.1 0.0 0.1 0.0 0.1 0.0 0.1 0.0
622 10 10 18 3 0.0 0.1 0.0 0.1 0.0 0.1 0.0 0.1 0.0 0.1 0.0 0.0
622 10 10 18 4 0.6 0.0 0.2 0.2 0.1 0.1 0.2 0.2 0.1 0.1 0.2 0.2
622 10 10 18 5 0.3 0.3 0.4 0.3 0.2 0.2 0.2 0.2 0.2 0.3 0.2 0.1
622 10 10 18 6 0.2 0.1 0.0 0.0 0.1 0.1 0.0 0.0 0.0 0.1 0.0 0.4
622 10 10 18 7 0.2 0.1 0.2 0.1 0.2 0.2 0.1 0.1 0.3 0.2 0.1 0.3
622 10 10 18 8 0.6 0.0 0.0 0.0 0.1 0.6 0.0 0.2 0.5 0.3 0.3 0.3
622 10 10 18 9 0.4 0.2 0.3 0.2 0.2 0.2 0.2 0.2 0.3 0.1 0.0 0.2
622 10 10 18 10 0.0 0.1 0.0 0.0 0.0 0.0 0.0 0.0 0.0 0.0 0.0 0.0
622 10 10 18 18 0.0 0.0 0.0 0.1 0.2 0.1 0.3 0.0 0.0 0.1 0.0 0.0
622 10 10 18 19 0.0 0.0 0.3 0.3 0.1 0.1 0.1 0.1 0.0 0.1 0.2 0.2
622 10 10 18 20 0.1 0.1 0.0 0.1 0.0 0.0 0.0 0.0 0.0 0.0 0.0 0.0
622 10 10 19 1 0.0 0.0 0.0 0.0 0.0 0.0 0.0 0.0 0.0 0.0 0.1 0.2
622 10 10 19 2 0.1 0.0 0.0 0.0 0.0 0.0 0.0 0.1 0.0 0.0 0.0 0.0
622 10 10 25 21 0.0 0.1 0.0 0.1 0.0 0.0 0.0 0.0 0.0 0.0 0.0 0.0
622 10 10 25 22 0.0 0.0 0.0 0.0 0.0 0.0 0.0 0.1 0.0 0.1 0.1 0.1
622 10 10 25 23 0.0 0.0 0.0 0.0 0.1 0.0 0.0 0.0 0.0 0.0 0.0 0.0
622 10 10 26 1 0.0 0.0 0.0 0.0 0.0 0.1 0.1 0.1 0.1 0.0 0.0 0.1
622 10 10 26 2 0.1 0.1 0.1 0.1 0.1 0.2 0.3 0.2 0.2 0.2 0.2 0.1
622 10 10 26 3 0.1 0.0 0.0 0.0 0.0 0.1 0.0 0.0 0.1 0.0 0.0 0.1
622 10 10 27 13 0.0 0.1 0.1 0.1 0.0 0.0 0.0 0.0 0.0 0.0 0.0 0.0
622 10 10 27 14 0.0 0.0 0.0 0.0 0.0 0.0 0.0 0.0 0.0 0.7 0.2 0.1
622 10 10 27 15 0.2 0.3 0.1 0.2 0.0 0.0 0.0 0.0 0.0 0.1 0.0 0.0
622 10 10 27 16 0.0 0.0 0.0 0.0 0.0 0.0 0.0 0.0 0.0 0.1 0.0 0.3
622 10 10 27 17 0.1 0.0 0.0 0.1 0.1 0.1 0.0 0.0 0.0 0.0 0.0 0.0
622 10 10 27 21 0.0 0.0 0.0 0.0 0.0 0.0 0.0 0.0 0.2 0.4 0.6 1.2
622 10 10 27 22 1.2 1.4 1.3 0.6 1.0 0.7 0.7 0.5 1.1 1.7 2.3 1.6
622 10 10 27 23 2.2 1.7 0.9 0.6 0.8 1.2 0.5 1.1 0.6 1.3 1.8 0.9
622 10 10 27 24 0.4 0.6 0.5 0.6 1.1 1.8 0.6 0.9 0.8 0.2 0.0 0.0
622 10 10 28 1 0.5 0.3 0.3 0.2 0.1 0.2 0.4 0.4 0.4 0.2 0.1 0.1
622 10 10 28 2 1.1 0.4 0.3 0.1 0.2 0.3 0.6 0.9 0.6 0.6 0.7 0.9
622 10 10 28 3 0.5 0.5 0.7 0.5 0.8 0.6 0.5 0.3 0.3 0.2 0.1 0.4
622 10 10 28 4 0.2 0.4 0.3 0.4 0.4 0.3 0.5 0.6 0.6 0.6 0.8 0.8
622 10 10 28 5 0.9 0.8 0.8 0.9 1.0 1.3 0.4 0.9 0.9 0.8 0.7 0.6
622 10 10 28 6 1.0 0.9 1.0 1.0 0.8 0.6 0.2 0.5 0.5 0.4 0.3 0.4
622 10 10 28 7 0.4 0.5 0.4 0.4 0.3 0.5 0.5 0.4 0.2 0.4 0.5 0.4
622 10 10 28 8 0.7 0.7 0.8 0.4 0.6 0.4 0.7 0.6 0.5 0.6 0.8 0.8
622 10 10 28 9 0.7 0.4 0.3 0.2 0.1 0.1 0.0 0.0 0.0 0.1 0.1 0.1
622 10 10 28 10 0.0 0.1 0.0 0.0 0.1 0.0 0.0 0.1 0.0 0.0 0.0 0.0
622 10 10 28 14 0.1 0.0 0.1 0.0 0.1 0.0 0.1 0.0 0.0 0.0 0.1 0.0
622 10 10 28 16 0.0 0.0 0.0 0.1 0.0 0.0 0.0 0.0 0.0 0.2 0.1 0.1
622 10 10 28 17 0.0 0.1 0.0 0.1 0.0 0.1 0.0 0.0 0.1 0.0 0.0 0.0
622 10 10 28 18 0.1 0.0 0.0 0.1 0.0 0.0 0.0 0.1 0.0 0.0 0.0 0.1
622 10 10 28 20 0.0 0.0 0.0 0.0 0.0 0.0 0.0 0.0 0.0 0.1 0.0 0.1
622 10 10 28 21 0.0 0.1 0.0 0.0 0.1 0.0 0.0 0.1 0.1 0.0 0.0 0.0
622 10 10 28 24 0.0 0.0 0.0 0.0 0.0 0.0 0.0 0.0 0.1 0.0 0.0 0.0
