715 10 10 12 8 0.0 0.0 0.0 0.0 0.1 0.0 0.0 0.0 0.0 0.0 0.0 0.0
715 10 10 12 9 0.0 0.0 0.0 0.2 0.3 0.1 0.0 0.0 0.0 0.0 0.1 0.0
715 10 10 12 10 0.0 0.0 0.0 0.0 0.0 0.0 0.3 0.2 0.0 0.2 0.0 0.0
715 10 10 12 12 0.0 0.0 0.0 0.0 0.0 0.0 0.0 0.0 0.0 0.0 0.1 0.0
715 10 10 14 9 0.0 0.0 0.0 0.0 0.2 0.1 0.2 0.3 0.5 0.0 0.0 0.2
715 10 10 14 11 0.0 0.0 0.1 0.0 0.0 0.0 0.0 0.0 0.0 0.0 0.0 0.0
715 10 10 14 12 0.0 0.0 0.0 0.0 0.0 0.0 0.0 0.0 0.0 0.1 0.0 0.0
715 10 10 14 21 0.0 0.0 0.0 1.0 1.4 1.6 1.6 1.1 0.3 0.1 0.1 0.0
715 10 10 15 2 0.0 0.0 0.1 0.1 0.2 0.1 0.0 0.0 0.0 0.0 0.0 0.0
715 10 10 18 1 0.0 0.0 0.3 0.2 0.1 0.1 0.0 0.1 0.1 0.0 0.0 0.0
715 10 10 18 2 3.1 0.8 0.1 0.1 0.2 0.5 0.7 0.4 0.1 0.2 0.1 0.1
715 10 10 18 3 0.1 0.2 0.2 0.1 0.2 0.1 0.1 0.0 0.1 0.2 0.2 0.0
715 10 10 18 4 0.1 0.1 0.1 0.1 0.4 0.3 0.1 0.1 0.1 0.2 0.2 0.4
715 10 10 18 5 0.4 0.4 0.3 0.4 0.3 0.5 0.5 0.7 0.8 0.6 0.7 1.0
715 10 10 18 6 0.3 1.5 0.8 1.0 0.7 0.2 0.1 0.1 0.1 0.7 0.3 0.1
715 10 10 18 7 0.0 0.0 0.0 0.0 0.0 0.0 0.0 0.0 0.0 0.0 0.0 0.1
715 10 10 18 8 0.1 0.1 0.2 0.0 0.0 0.0 0.0 0.0 0.0 0.0 0.1 0.0
715 10 10 18 14 0.0 0.0 0.0 0.0 0.0 0.1 0.6 0.8 0.6 0.6 0.9 0.4
715 10 10 18 15 0.3 0.2 0.4 0.3 0.2 0.1 0.3 0.2 0.1 0.1 0.0 0.1
715 10 10 18 16 0.1 0.1 0.1 0.0 0.0 0.0 0.0 0.0 0.0 0.0 0.1 0.0
715 10 10 18 17 0.1 0.2 0.3 0.3 0.2 0.2 0.2 0.2 0.1 0.1 0.1 0.1
715 10 10 18 18 0.1 0.1 0.0 0.0 0.1 0.0 0.0 0.0 0.0 0.0 0.0 0.0
715 10 10 18 19 0.0 0.0 0.0 0.0 0.0 0.0 0.0 0.0 0.1 0.0 0.0 0.1
715 10 10 18 20 0.0 0.1 0.0 0.1 0.0 0.1 0.1 0.1 0.1 0.1 0.2 0.6
715 10 10 18 21 0.5 0.6 0.8 0.6 0.4 0.3 0.3 0.5 0.3 0.1 0.0 0.0
715 10 10 18 22 0.0 0.0 0.0 0.0 0.0 0.2 0.1 0.2 0.2 0.2 0.0 0.1
715 10 10 18 23 0.1 0.1 0.2 0.0 0.0 0.0 0.0 0.0 0.0 0.0 0.0 0.0
715 10 10 25 17 0.0 0.0 0.0 0.0 0.0 0.0 0.0 0.0 0.0 0.0 0.0 0.1
715 10 10 25 18 0.0 0.0 0.0 0.0 0.0 0.0 0.1 0.0 0.0 0.0 0.0 0.0
715 10 10 26 5 0.0 0.0 0.0 0.0 0.0 0.0 0.0 0.0 0.0 0.0 0.1 0.2
715 10 10 26 6 0.1 0.0 0.2 0.2 0.0 0.2 0.1 0.5 0.3 2.4 1.1 0.4
715 10 10 26 7 0.2 0.2 0.5 0.6 0.1 0.0 0.0 0.0 0.0 0.0 0.0 0.0
715 10 10 26 8 0.0 0.0 0.0 0.0 0.1 0.0 0.0 0.0 0.0 0.0 0.0 0.0
715 10 10 27 22 0.0 0.0 0.3 0.2 0.1 0.0 2.4 4.1 1.2 0.3 0.4 0.4
715 10 10 27 23 0.0 0.2 0.2 0.2 0.1 1.2 0.1 0.5 0.5 0.1 0.1 5.9
715 10 10 27 24 3.5 2.5 1.5 1.1 0.6 0.0 0.0 0.0 0.0 0.0 0.0 0.0
715 10 10 29 7 0.1 0.0 0.0 0.0 0.1 0.2 0.4 0.2 0.0 0.1 0.0 0.1
715 10 10 29 8 0.0 0.1 0.0 0.0 0.0 0.1 0.1 0.1 0.0 0.1 0.1 0.1
715 10 10 29 9 0.1 0.1 0.3 0.2 0.4 0.3 0.2 0.2 0.2 0.4 0.1 0.1
715 10 10 29 10 0.1 0.2 0.0 0.1 0.0 0.1 0.0 0.0 0.0 0.0 0.0 0.0
715 10 10 29 11 0.1 0.0 0.1 0.0 0.0 0.0 0.0 0.0 0.1 0.0 0.0 0.0
