716 10 10 2 10 0.0 0.0 0.0 0.0 0.0 0.0 0.0 0.2 0.1 0.3 0.1 0.1
716 10 10 2 15 0.0 0.0 0.2 0.1 0.0 0.0 0.1 0.0 0.1 0.0 0.1 0.0
716 10 10 6 22 0.0 0.0 0.0 0.1 0.1 0.0 0.0 0.0 0.1 0.1 0.1 0.1
716 10 10 6 23 0.0 0.0 0.0 0.0 0.0 0.0 0.0 0.0 0.0 0.0 0.0 0.1
716 10 10 6 24 0.0 0.0 0.0 0.0 0.0 0.0 0.1 0.0 0.0 0.0 0.0 0.0
716 10 10 7 7 0.0 0.0 0.0 0.0 0.0 0.2 0.3 0.2 0.1 0.1 0.1 0.0
716 10 10 7 8 0.0 0.0 0.0 0.0 0.0 0.0 0.0 0.0 0.0 0.0 0.1 0.1
716 10 10 7 9 0.0 0.1 0.1 0.0 0.0 0.0 0.0 0.0 0.0 0.0 0.0 0.0
716 10 10 10 19 0.0 0.0 0.0 0.0 0.0 0.0 0.0 0.0 0.0 0.3 0.1 0.1
716 10 10 10 20 0.1 0.1 0.0 0.0 0.0 0.0 0.0 0.0 0.0 0.0 0.0 0.0
716 10 10 10 21 0.0 0.1 0.0 0.0 0.0 0.0 0.0 0.0 0.0 0.0 0.0 0.0
716 10 10 11 6 0.0 0.0 0.0 0.0 0.0 0.1 0.0 0.1 0.0 0.0 0.0 0.0
716 10 10 11 9 0.0 0.0 0.1 0.1 0.2 0.0 0.1 0.0 0.0 0.1 0.0 0.1
716 10 10 12 15 0.0 0.0 0.0 0.0 0.0 0.0 0.0 0.0 0.0 0.0 0.1 0.0
716 10 10 14 5 0.0 0.0 0.0 0.0 0.0 0.0 0.1 0.0 0.0 0.0 0.0 0.0
716 10 10 14 6 0.0 0.0 0.0 0.0 0.0 0.0 0.0 0.0 0.0 0.0 0.0 0.1
716 10 10 14 7 0.0 0.0 0.0 0.0 0.1 0.0 0.0 0.0 0.0 0.0 0.0 0.0
716 10 10 14 8 0.0 0.0 0.0 0.0 0.0 0.0 0.0 0.1 0.0 0.0 0.0 0.0
716 10 10 14 9 0.0 0.0 0.0 0.0 0.0 0.0 0.0 0.1 0.0 0.0 0.0 0.0
716 10 10 14 11 0.0 0.0 0.0 0.0 0.2 0.3 0.0 0.0 0.0 0.0 0.0 0.1
716 10 10 14 20 0.0 0.0 0.0 0.0 0.0 0.0 0.0 0.0 0.1 0.1 0.0 0.1
716 10 10 14 21 0.0 0.1 0.1 0.1 0.1 0.7 0.6 1.2 2.8 1.6 0.2 0.0
716 10 10 15 2 0.0 0.0 0.0 0.0 0.0 0.0 0.0 0.0 0.0 0.0 0.0 0.1
716 10 10 15 3 0.0 0.1 0.0 0.0 0.0 0.0 0.0 0.0 0.0 0.0 0.0 0.0
716 10 10 17 24 0.0 0.0 0.0 0.0 0.0 0.0 0.3 0.0 0.0 0.0 0.0 0.0
716 10 10 18 1 0.0 0.0 0.0 0.0 0.0 0.0 0.1 0.3 0.1 0.1 0.1 0.2
716 10 10 18 2 0.1 0.1 0.3 0.3 0.4 0.5 0.6 0.5 0.4 0.4 0.4 0.5
716 10 10 18 3 0.1 0.2 0.2 0.3 0.1 0.2 0.1 0.1 0.1 0.1 0.0 0.1
716 10 10 18 4 0.1 0.1 0.0 0.1 0.1 0.2 0.4 0.2 0.3 0.5 0.4 0.4
716 10 10 18 5 0.3 0.9 0.8 0.8 0.9 1.4 0.7 1.1 1.4 0.3 1.3 1.9
716 10 10 18 6 0.8 0.6 2.1 2.6 1.4 0.3 0.0 0.1 0.0 0.0 0.0 0.0
716 10 10 18 7 0.1 0.0 0.0 0.0 0.0 0.0 0.0 0.0 0.0 0.0 0.0 0.0
716 10 10 18 13 0.0 0.0 0.0 0.0 0.0 0.0 0.0 0.0 0.1 0.1 0.1 0.1
716 10 10 18 14 0.3 0.2 0.3 0.4 0.4 0.3 0.2 0.5 0.4 0.3 0.5 0.3
716 10 10 18 15 0.4 0.6 0.3 0.5 0.2 0.7 0.2 0.5 0.4 0.5 0.3 0.2
716 10 10 18 16 0.1 0.2 0.2 0.2 0.0 0.0 0.0 0.0 0.0 0.0 0.3 0.3
716 10 10 18 17 0.2 0.2 0.2 0.3 0.1 0.2 0.2 0.2 0.2 0.3 0.2 0.2
716 10 10 18 18 0.3 0.2 0.2 0.2 0.2 0.2 0.1 0.2 0.2 0.2 0.1 0.2
716 10 10 18 19 0.3 0.2 0.2 0.2 0.3 0.3 0.3 0.3 0.4 0.3 0.3 0.3
716 10 10 18 20 0.4 0.3 0.5 0.4 0.3 0.4 0.2 0.4 0.3 0.4 0.2 0.3
716 10 10 18 21 0.2 0.5 0.2 0.3 0.4 0.5 0.5 0.2 0.0 0.0 0.0 0.0
716 10 10 18 22 0.0 0.0 0.0 0.0 0.2 0.0 0.0 0.2 0.3 0.3 0.3 0.4
716 10 10 18 23 0.5 0.0 0.1 0.1 0.4 0.2 0.0 0.0 0.0 0.0 0.0 0.1
716 10 10 26 7 0.0 0.0 0.0 0.0 2.0 3.5 1.9 5.0 0.3 0.2 0.1 0.0
716 10 10 27 19 0.0 0.0 0.0 0.0 0.0 0.0 0.0 0.0 0.0 0.1 0.1 0.0
716 10 10 27 20 0.0 0.0 0.0 0.0 0.0 0.0 0.0 0.1 0.0 0.0 0.0 0.0
716 10 10 27 21 0.0 0.0 0.0 0.0 0.0 0.0 0.0 0.1 0.0 0.0 0.0 0.0
716 10 10 27 22 0.0 0.1 0.2 0.3 0.2 0.1 0.0 0.0 0.0 0.0 0.0 0.0
716 10 10 27 23 0.0 0.0 0.0 0.0 0.0 0.2 0.8 2.2 2.9 4.9 2.3 2.1
716 10 10 27 24 1.8 1.1 0.4 0.3 0.5 0.3 0.1 0.1 0.2 0.0 0.0 0.0
716 10 10 28 1 0.0 0.0 0.0 0.0 0.1 0.1 0.0 0.1 0.0 0.0 0.0 0.0
