622 10 9 4 14 0.0 0.0 0.0 0.0 0.0 0.0 0.0 0.0 0.1 0.0 0.0 0.0
622 10 9 4 15 0.0 0.0 0.0 0.0 0.0 0.0 0.0 0.1 0.0 0.0 0.0 0.0
622 10 9 4 16 0.0 0.2 0.2 0.2 0.2 0.1 0.2 0.2 0.1 0.2 0.1 0.1
622 10 9 4 17 0.1 0.2 0.1 0.1 0.1 0.1 0.1 0.1 0.2 0.1 0.1 0.0
622 10 9 4 19 0.0 0.0 0.0 0.0 0.0 0.0 0.0 0.0 0.0 0.0 0.1 0.0
622 10 9 4 20 0.0 0.1 0.1 0.2 0.0 0.0 0.0 0.0 0.1 0.0 0.0 0.0
622 10 9 4 21 0.1 0.1 0.0 0.0 0.0 0.0 0.0 0.0 0.0 0.0 0.0 0.0
622 10 9 29 18 0.0 0.0 0.0 0.0 0.0 0.0 0.0 0.0 0.0 0.2 0.1 0.1
622 10 9 29 19 0.1 0.2 0.3 0.2 0.2 0.1 0.0 0.0 0.0 1.5 1.3 0.7
622 10 9 29 20 0.1 0.1 0.0 0.0 0.0 0.0 0.0 0.0 0.0 0.0 0.0 0.0
622 10 9 29 23 0.0 0.1 0.0 0.0 0.0 0.0 0.0 0.0 0.0 0.0 0.0 0.0
