715 10 9 11 20 0.0 0.0 0.0 0.0 0.0 2.4 0.9 0.4 0.4 0.9 0.2 0.1
715 10 9 13 5 0.0 0.0 0.0 0.0 0.0 0.0 0.0 0.0 0.1 0.1 0.0 0.1
715 10 9 13 6 0.0 0.0 0.1 0.0 0.1 0.1 0.1 0.1 0.0 0.1 0.0 0.1
715 10 9 25 11 0.0 0.0 0.0 0.0 0.0 0.0 0.0 0.0 0.0 0.0 0.0 0.2
715 10 9 25 12 0.1 0.0 0.1 0.0 0.0 0.1 0.0 0.0 0.0 0.0 0.0 0.0
715 10 9 25 14 0.0 0.0 0.0 0.0 0.0 0.0 0.0 0.0 0.0 0.0 0.1 0.2
715 10 9 25 15 0.1 0.1 0.4 0.2 0.4 0.5 0.5 2.0 1.3 0.5 0.5 0.1
715 10 9 25 16 0.6 0.5 0.2 0.0 0.1 0.0 0.0 0.0 0.0 0.0 0.0 0.0
715 10 9 25 19 0.1 0.1 0.0 0.0 0.0 0.0 0.0 0.0 0.0 0.0 0.0 0.0
715 10 9 25 20 0.0 0.0 0.0 0.0 0.0 0.0 0.0 0.0 0.0 0.1 0.0 0.0
715 10 9 26 3 0.0 0.1 0.0 0.1 0.1 0.0 0.0 0.0 0.1 0.0 0.0 0.0
