716 10 9 11 19 0.0 0.0 0.0 0.0 0.0 0.0 0.0 0.0 0.0 0.0 0.0 0.2
716 10 9 11 20 0.0 0.1 0.3 0.2 0.5 0.7 2.0 1.4 0.7 0.2 0.3 0.2
716 10 9 11 21 0.2 0.1 0.1 0.2 0.1 0.2 0.0 0.1 0.0 0.0 0.0 0.0
716 10 9 13 6 0.0 0.0 0.0 0.0 0.0 0.0 0.0 0.1 0.0 0.1 0.0 0.0
716 10 9 25 8 0.0 0.0 0.0 0.0 0.0 0.0 0.0 0.0 0.0 0.1 0.1 0.0
716 10 9 25 9 0.2 0.1 0.1 0.2 0.4 0.3 0.3 0.2 0.2 0.1 0.2 0.2
716 10 9 25 10 0.2 0.2 0.3 1.2 0.9 1.1 1.2 3.2 0.2 0.4 0.2 0.1
716 10 9 25 11 0.2 0.2 0.1 0.4 0.2 0.1 0.3 0.3 0.3 0.1 0.5 0.3
716 10 9 25 12 0.1 0.1 0.0 0.3 0.0 0.0 0.0 0.0 0.0 0.0 0.0 0.0
716 10 9 25 15 0.0 0.0 0.0 0.0 0.0 0.1 0.1 0.0 0.1 0.1 0.2 0.2
716 10 9 25 16 0.1 0.1 0.0 0.1 0.1 0.1 0.1 0.2 0.7 2.2 0.8 0.4
716 10 9 25 17 0.3 0.2 0.2 0.2 0.2 0.1 0.1 0.1 0.1 0.0 0.0 0.0
716 10 9 25 19 0.0 0.0 0.0 0.0 0.0 0.0 0.0 0.0 0.0 0.0 0.0 0.1
716 10 9 25 20 0.0 0.1 0.0 0.0 0.0 0.0 0.0 0.0 0.0 0.0 0.0 0.0
716 10 9 26 2 0.0 0.0 0.0 0.0 0.0 0.0 0.1 0.0 0.0 0.0 0.0 0.0
716 10 9 28 23 0.0 0.1 0.0 0.0 0.0 0.0 0.0 0.0 0.0 0.0 0.0 0.0
