622 10 6 1 13 0.0 0.1 0.0 0.0 0.0 0.1 0.0 0.0 0.0 0.0 0.0 0.0
622 10 6 1 15 0.0 0.0 0.1 0.0 0.0 0.0 0.0 0.0 0.0 0.0 0.0 0.0
622 10 6 1 16 0.0 0.1 0.2 0.1 0.1 0.1 0.1 0.1 0.1 0.1 0.2 0.1
622 10 6 1 17 0.1 0.0 0.1 0.0 0.0 0.0 0.0 0.0 0.0 0.0 0.1 0.2
622 10 6 1 18 0.8 0.6 0.5 0.2 0.1 0.1 0.1 0.0 0.0 0.0 0.0 0.1
622 10 6 1 19 0.0 0.0 0.1 0.1 0.0 0.1 0.1 0.0 0.0 0.0 0.0 0.0
622 10 6 5 16 0.0 0.0 0.0 0.0 0.0 1.1 0.5 3.4 2.1 0.5 0.3 0.1
622 10 6 5 17 0.1 0.0 0.0 0.0 0.0 0.0 0.0 0.0 0.0 0.0 0.0 0.1
622 10 6 5 19 0.0 0.0 0.1 0.0 0.4 0.1 0.2 0.1 0.5 0.3 0.4 0.3
622 10 6 5 20 0.2 0.1 0.0 0.2 0.0 0.3 0.1 0.1 0.2 0.0 0.1 0.0
622 10 6 5 21 0.2 0.2 0.1 0.4 0.2 0.2 0.2 0.3 0.2 0.0 0.1 0.0
622 10 6 6 22 0.0 0.0 0.0 0.0 0.0 0.0 0.0 0.1 0.1 0.0 0.0 0.1
622 10 6 6 23 0.0 0.1 0.0 0.0 0.0 0.0 0.0 0.0 0.0 0.0 0.0 0.0
622 10 6 6 24 0.0 0.0 0.1 0.0 0.0 0.0 0.0 0.0 0.0 0.0 0.0 0.0
622 10 6 9 4 0.0 0.0 0.0 0.0 0.0 0.0 0.0 0.2 0.1 0.1 0.0 0.0
622 10 6 18 22 0.0 0.0 0.0 0.0 0.0 0.0 0.0 0.0 0.0 0.0 0.0 0.2
622 10 6 18 23 0.4 1.6 5.0 0.1 0.0 0.5 0.1 2.3 5.8 2.0 2.0 0.8
622 10 6 18 24 0.8 0.6 0.3 0.1 0.2 0.1 0.0 0.0 0.0 0.0 0.1 0.0
622 10 6 19 2 0.1 0.0 0.0 0.0 0.1 0.1 0.1 0.1 0.1 0.1 0.1 0.0
622 10 6 19 3 0.0 0.0 0.0 0.0 0.0 0.1 0.0 0.0 0.1 0.0 0.1 0.0
622 10 6 20 13 0.0 0.0 0.0 0.0 0.0 0.1 0.0 0.0 0.0 0.0 0.0 0.0
622 10 6 20 15 0.1 0.1 0.0 0.0 0.3 0.3 1.0 2.5 1.5 0.5 0.1 0.0
622 10 6 20 19 0.0 0.0 0.0 0.0 0.0 0.0 0.0 0.0 0.0 0.1 0.1 0.0
622 10 6 21 19 0.0 0.0 0.0 0.0 0.0 0.0 0.0 0.0 0.1 0.0 0.0 0.0
622 10 6 21 20 0.4 0.3 0.3 0.1 0.1 0.0 0.1 0.1 0.0 0.1 0.0 0.0
622 10 6 22 1 0.0 0.0 0.0 0.0 0.1 0.0 0.0 0.0 0.0 0.2 0.6 0.5
622 10 6 22 2 0.5 0.5 0.2 0.0 0.0 0.0 0.0 0.0 0.0 0.0 0.0 0.0
622 10 6 22 11 0.0 0.0 0.0 0.0 0.0 0.0 0.0 0.1 0.0 0.0 0.0 0.0
