715 10 6 5 13 0.0 0.0 0.0 0.1 0.2 0.3 0.1 0.2 0.1 0.0 0.1 0.1
715 10 6 5 14 0.0 0.0 0.1 0.0 0.0 0.0 0.0 0.0 0.0 0.0 0.0 0.0
715 10 6 6 12 0.0 0.0 0.0 0.0 0.0 0.1 0.0 0.0 0.0 0.0 0.0 0.0
715 10 6 9 10 0.0 0.0 0.0 0.0 0.0 0.2 0.5 0.7 0.1 0.0 0.0 0.0
715 10 6 25 2 0.0 0.0 0.0 0.0 0.0 0.0 0.0 0.0 0.0 0.3 0.4 0.4
715 10 6 27 18 0.1 0.0 0.0 0.0 0.0 0.0 0.0 0.0 0.0 0.0 0.0 0.0
715 10 6 28 4 0.0 0.1 0.0 0.0 0.0 0.0 0.0 0.0 0.0 0.0 0.0 0.0
715 10 6 28 5 0.0 0.0 0.0 0.0 0.1 0.0 0.0 0.1 0.0 0.0 0.0 0.5
715 10 6 28 6 0.5 0.2 0.2 0.2 0.3 0.6 0.5 0.2 0.4 0.5 0.0 0.0
715 10 6 28 7 0.4 0.1 0.1 0.0 0.0 0.1 0.0 0.1 0.0 0.0 0.0 0.1
715 10 6 28 17 0.8 0.6 0.5 0.1 0.1 0.0 0.0 0.1 0.0 0.1 0.1 0.0
715 10 6 30 18 0.0 0.0 0.0 0.0 0.0 0.0 0.5 2.5 1.4 0.2 0.0 0.0
715 10 6 30 20 0.1 0.8 0.4 0.0 0.0 0.0 0.0 0.0 1.1 1.5 0.4 0.4
715 10 6 30 21 0.3 0.1 0.0 0.0 0.0 0.0 0.0 0.0 0.0 0.0 0.0 0.0
