716 10 6 5 10 0.0 0.0 0.0 0.0 0.0 0.0 0.2 0.6 0.1 0.0 0.1 0.0
716 10 6 5 12 0.0 0.0 0.0 0.0 0.0 0.0 0.0 0.0 1.2 1.0 0.2 0.6
716 10 6 5 13 0.5 0.2 0.1 0.0 0.2 0.2 0.2 0.2 0.0 0.0 0.0 0.0
716 10 6 5 14 0.0 0.0 0.0 0.0 0.1 0.0 0.0 0.0 0.1 0.0 0.0 0.0
716 10 6 5 15 0.0 0.0 0.0 0.0 0.0 0.1 0.0 0.0 0.0 0.0 0.0 0.0
716 10 6 5 16 0.0 0.0 0.0 0.0 0.1 0.0 0.0 0.0 0.0 0.0 0.1 0.0
716 10 6 5 17 0.0 0.0 0.0 0.0 0.0 0.0 0.0 0.0 0.1 0.0 0.0 0.0
716 10 6 25 2 0.0 0.0 0.0 0.1 0.1 0.0 0.0 0.1 0.0 0.0 0.0 0.0
716 10 6 25 3 0.0 0.0 1.0 0.5 0.0 0.2 1.2 0.0 0.1 0.0 0.0 0.0
716 10 6 25 4 0.0 0.0 0.0 0.6 0.5 0.1 0.0 0.1 0.0 0.0 0.0 0.0
716 10 6 28 11 0.0 0.0 0.0 0.0 0.1 0.1 0.1 0.2 0.1 0.0 0.0 0.0
