622 10 2 11 1 0.0 0.1 0.0 0.0 0.0 0.0 0.0 0.1 0.1 0.0 0.0 0.0
622 10 2 11 2 0.1 0.0 0.2 0.3 1.0 1.3 0.3 0.1 0.1 0.0 0.0 0.1
622 10 2 11 3 0.0 0.0 0.0 0.0 0.0 0.0 0.0 0.0 0.0 0.0 0.1 0.0
622 10 2 11 21 0.0 0.0 0.0 0.0 0.0 0.1 0.0 0.0 0.0 0.0 0.0 0.0
622 10 2 12 23 0.0 0.0 0.0 0.0 0.0 0.0 0.1 0.1 0.1 0.3 0.5 0.8
622 10 2 12 24 0.9 0.6 0.1 0.0 0.1 0.0 0.0 0.0 0.0 0.0 0.0 0.0
622 10 2 14 17 0.0 0.0 0.0 0.0 0.0 0.0 0.0 0.0 0.1 0.0 0.1 0.2
622 10 2 14 18 0.2 0.2 0.1 0.2 0.2 0.3 0.3 0.4 0.1 0.1 0.1 0.1
622 10 2 14 19 0.1 0.2 0.1 0.1 0.0 0.0 0.1 0.1 0.1 0.2 0.2 0.1
622 10 2 14 20 0.2 0.0 0.2 0.0 0.0 0.0 0.0 0.1 0.1 0.0 0.1 0.0
622 10 2 14 21 0.0 0.1 0.1 0.1 0.2 0.2 0.1 0.2 0.2 0.2 0.1 0.2
622 10 2 14 22 0.2 0.2 0.1 0.1 0.1 0.1 0.1 0.2 0.0 0.1 0.1 0.0
622 10 2 14 23 0.1 0.0 0.0 0.0 0.0 0.0 0.0 0.0 0.1 0.0 0.0 0.1
622 10 2 14 24 0.0 0.0 0.1 0.0 0.1 0.2 0.1 0.2 0.1 0.1 0.1 0.0
622 10 2 15 1 0.1 0.0 0.0 0.1 0.1 0.0 0.1 0.0 0.0 0.0 0.0 0.1
622 10 2 15 2 0.1 0.1 0.1 0.2 0.1 0.1 0.1 0.1 0.2 0.4 0.4 0.3
622 10 2 15 3 0.3 0.1 0.1 0.1 0.1 0.2 0.2 0.0 0.2 0.3 0.2 0.4
622 10 2 15 4 0.6 0.4 0.2 0.1 0.1 0.2 0.3 0.4 0.2 0.2 0.1 0.2
622 10 2 15 5 0.1 0.0 0.0 0.0 0.0 0.0 0.0 0.0 0.0 0.0 0.1 0.0
622 10 2 15 7 0.0 0.0 0.0 0.0 0.0 0.0 0.0 0.0 0.0 0.0 0.1 0.0
622 10 2 17 3 0.0 0.1 0.0 0.1 0.1 0.1 0.1 0.0 0.1 0.1 0.1 0.0
622 10 2 17 4 0.1 0.2 0.0 0.0 0.0 0.1 0.0 0.1 0.0 0.1 0.0 0.0
622 10 2 17 5 0.0 0.1 0.0 0.1 0.1 0.1 0.1 0.2 0.1 0.1 0.2 0.1
622 10 2 17 6 0.1 0.1 0.1 0.2 0.1 0.1 0.0 0.0 0.1 0.1 0.0 0.0
622 10 2 17 7 0.0 0.0 0.1 0.0 0.0 0.0 0.0 0.1 0.0 0.0 0.0 0.0
622 10 2 17 8 0.0 0.0 0.1 0.1 0.1 0.1 0.0 0.0 0.0 0.0 0.0 0.0
622 10 2 17 9 0.0 0.0 0.1 0.1 0.1 0.1 0.2 0.0 0.1 0.0 0.0 0.0
622 10 2 17 11 0.0 0.0 0.0 0.0 0.0 0.0 0.0 0.0 0.0 0.0 0.1 0.0
622 10 2 17 12 0.2 0.1 0.1 0.0 0.1 0.0 0.0 0.0 0.0 0.0 0.0 0.0
622 10 2 17 20 0.0 0.0 0.0 0.1 0.0 0.0 0.0 0.0 0.0 0.0 0.0 0.0
622 10 2 23 20 0.0 0.0 0.0 0.0 0.0 0.0 0.0 0.1 0.0 0.1 0.0 0.1
622 10 2 23 21 0.0 0.1 0.0 0.0 0.1 0.0 0.0 0.0 0.0 0.2 0.1 0.2
622 10 2 23 22 0.0 0.2 0.1 0.0 0.2 0.2 0.1 0.1 0.0 0.0 0.0 0.0
622 10 2 24 18 0.0 0.0 0.0 0.1 0.0 0.0 0.0 0.0 0.0 0.0 0.1 0.0
622 10 2 24 19 0.0 0.1 0.1 0.0 0.1 0.0 0.1 0.0 0.1 0.1 0.0 0.1
622 10 2 24 20 0.1 0.0 0.1 0.1 0.0 0.1 0.0 0.1 0.1 0.0 0.1 0.1
622 10 2 27 6 0.1 0.1 0.0 0.1 0.0 0.0 0.0 0.0 0.0 0.0 0.0 0.0
622 10 2 27 7 0.1 0.1 0.2 0.2 0.2 0.1 0.0 0.1 0.0 0.1 0.1 0.1
622 10 2 27 8 0.1 0.1 0.0 0.1 0.0 0.1 0.1 0.0 0.0 0.0 0.0 0.0
622 10 2 27 13 0.1 0.1 0.1 0.0 0.1 0.0 0.1 0.1 0.1 0.1 0.1 0.1
622 10 2 27 19 0.0 0.0 0.0 0.0 0.0 0.0 0.0 0.1 0.0 0.0 0.0 0.0
622 10 2 27 20 0.0 0.0 0.0 0.0 0.0 0.0 0.1 0.0 0.1 0.0 0.1 0.0
