715 10 2 2 7 0.0 0.0 0.0 0.0 0.0 0.0 0.0 0.0 0.1 0.1 0.0 0.1
715 10 2 2 8 0.2 0.1 0.0 0.0 0.1 0.4 0.2 0.1 0.4 0.2 0.4 0.3
715 10 2 2 9 0.2 0.2 0.3 0.3 0.5 0.1 0.1 0.0 0.0 0.0 0.0 0.0
715 10 2 2 10 0.0 0.0 0.0 0.2 0.0 0.0 0.0 0.1 0.0 0.0 0.0 0.0
715 10 2 2 11 0.0 0.1 0.1 0.1 0.0 0.0 0.1 0.0 0.1 0.1 0.4 0.3
715 10 2 2 12 0.5 0.4 0.5 0.2 0.6 0.3 0.2 0.0 0.0 0.0 0.0 0.0
715 10 2 2 13 0.5 0.6 0.7 0.3 0.2 0.1 0.0 0.1 0.0 0.0 0.0 0.0
715 10 2 2 14 0.0 0.1 0.0 0.1 0.1 0.0 0.0 0.1 0.0 0.0 0.1 0.0
715 10 2 2 15 0.1 0.0 0.1 0.0 0.1 0.0 0.0 0.1 0.0 0.0 0.0 0.0
715 10 2 3 2 0.0 0.0 0.0 0.0 0.0 0.0 0.0 0.0 0.1 0.0 0.0 0.0
715 10 2 3 3 0.1 0.1 0.1 0.0 0.0 0.0 0.1 0.0 0.0 0.0 0.0 0.0
715 10 2 6 16 0.0 0.3 0.0 0.1 0.0 0.0 0.1 0.1 0.1 0.1 0.1 0.1
715 10 2 6 17 0.0 0.0 0.0 0.0 0.0 0.0 0.1 0.0 0.0 0.0 0.0 0.0
715 10 2 6 19 0.1 0.0 0.0 0.0 0.1 0.2 0.1 0.0 0.1 0.0 0.1 0.1
715 10 2 7 1 0.0 0.1 0.0 0.2 0.2 0.0 0.0 0.0 0.1 0.0 0.2 0.0
715 10 2 7 2 0.0 0.2 0.1 0.2 0.1 0.1 0.2 0.4 0.2 0.3 0.2 0.0
715 10 2 7 3 0.0 0.0 0.0 0.2 0.5 0.2 0.6 0.8 1.5 0.5 0.7 0.3
715 10 2 7 9 0.0 0.0 0.0 0.0 0.0 0.0 0.0 0.0 0.0 0.0 0.1 0.0
715 10 2 7 10 0.2 0.2 0.3 0.2 0.2 0.1 0.3 0.1 0.1 0.3 0.1 0.4
715 10 2 7 11 1.3 0.6 0.6 0.5 0.7 1.0 0.1 0.0 0.0 0.0 0.0 0.0
715 10 2 7 17 0.0 0.0 1.5 1.5 0.1 0.1 0.0 0.0 0.0 0.0 0.0 0.0
715 10 2 7 18 0.0 0.0 0.0 0.0 0.0 0.0 0.0 0.1 0.0 0.0 0.1 0.0
715 10 2 7 19 0.3 0.2 1.0 0.5 0.3 0.2 0.1 0.1 0.0 0.1 0.0 0.0
715 10 2 7 20 0.1 0.0 0.5 0.2 0.7 0.1 0.1 0.1 0.1 0.1 0.1 0.0
715 10 2 8 24 0.0 0.0 0.0 0.0 0.1 0.1 0.2 0.1 0.2 0.0 0.2 0.1
715 10 2 9 1 0.1 0.1 0.1 0.0 0.1 0.3 0.5 0.2 0.3 0.2 0.2 0.1
715 10 2 9 2 0.1 0.3 0.2 0.3 0.4 0.3 0.1 0.0 0.0 0.0 0.0 0.0
715 10 2 9 23 0.0 0.0 0.0 0.0 0.0 0.1 0.1 0.2 0.0 0.0 0.0 0.0
715 10 2 9 24 0.0 0.0 0.0 0.0 0.1 0.0 0.0 0.0 0.0 0.0 0.0 0.0
715 10 2 10 6 0.1 0.0 0.0 0.0 0.0 0.0 0.1 0.2 0.0 0.0 0.0 0.1
715 10 2 10 16 0.1 0.1 0.1 0.0 0.0 0.0 0.0 0.0 0.0 0.0 0.1 0.0
715 10 2 10 17 0.0 0.0 0.1 0.1 0.0 0.1 0.1 0.0 0.0 0.0 0.0 0.0
715 10 2 10 18 0.0 0.0 0.0 0.2 0.1 0.2 0.2 0.0 0.0 0.1 0.1 0.2
715 10 2 10 19 0.0 0.0 0.0 0.0 0.0 0.1 0.0 0.2 0.0 0.0 0.0 0.0
715 10 2 10 20 0.0 0.0 0.0 0.0 0.1 0.0 0.0 0.1 0.1 0.1 0.0 0.0
715 10 2 10 21 0.0 0.1 0.0 0.0 0.1 0.1 0.2 0.2 0.1 0.2 0.1 0.2
715 10 2 10 22 0.1 0.0 0.0 0.1 0.1 0.1 0.0 0.0 0.1 0.0 0.0 0.1
715 10 2 10 23 0.1 0.1 0.1 0.1 0.0 0.1 0.0 0.0 0.0 0.0 0.0 0.0
715 10 2 11 1 0.0 0.0 0.1 0.1 0.0 0.0 0.0 0.0 0.0 0.0 0.0 0.0
715 10 2 11 4 0.7 0.7 0.9 0.8 1.2 0.5 4.0 0.5 1.0 0.6 0.6 0.7
715 10 2 11 5 0.4 1.1 0.6 0.3 0.1 0.1 0.0 0.2 0.2 0.1 0.0 0.1
715 10 2 11 6 0.0 0.2 0.0 0.0 0.0 0.0 0.0 0.0 0.0 0.0 0.0 0.0
715 10 2 12 18 0.1 0.0 0.0 0.0 0.0 0.0 0.0 0.0 0.0 0.0 0.0 0.0
715 10 2 12 19 0.1 0.1 0.0 0.1 0.0 0.0 0.0 0.0 0.0 0.0 0.0 0.0
715 10 2 13 1 0.0 0.0 0.0 0.0 0.0 0.0 0.0 0.0 0.0 0.0 0.1 0.0
715 10 2 13 2 0.1 0.1 0.2 0.1 0.0 0.0 0.0 0.0 0.0 0.0 0.0 0.0
715 10 2 13 3 0.0 0.0 0.0 0.0 0.1 0.5 0.1 0.0 0.0 0.2 0.2 0.1
715 10 2 13 4 0.0 0.0 0.1 0.0 0.1 0.0 0.0 0.0 0.0 0.0 0.0 0.0
715 10 2 15 3 0.1 0.1 0.1 0.0 0.0 0.0 0.0 0.0 0.0 0.0 0.0 0.0
715 10 2 24 22 0.0 0.0 0.0 0.0 0.1 0.0 0.1 0.3 0.1 0.0 0.0 0.0
715 10 2 27 2 0.0 0.0 0.0 0.5 0.0 0.4 0.0 0.0 0.0 0.0 0.0 0.0
715 10 2 27 24 0.0 0.0 0.0 0.0 0.1 0.0 0.0 0.0 0.0 0.0 0.0 0.0
715 10 2 28 2 0.0 0.0 0.5 0.0 0.0 0.0 0.0 0.0 0.1 0.0 0.0 0.0
