716 10 2 2 7 0.0 0.0 0.0 0.0 0.0 0.0 0.1 0.1 0.2 0.6 0.6 0.2
716 10 2 2 8 0.2 0.3 0.5 0.6 0.7 0.3 0.3 0.2 0.3 0.3 0.5 0.4
716 10 2 2 9 0.5 0.5 0.5 0.3 0.1 0.2 0.1 0.1 0.0 0.0 0.0 0.0
716 10 2 2 11 0.0 0.0 0.0 0.0 0.0 0.0 0.0 0.0 0.1 0.2 0.3 0.4
716 10 2 2 12 0.2 0.1 0.2 0.1 0.2 0.1 0.2 0.4 0.3 0.1 0.3 0.1
716 10 2 2 13 0.0 0.4 0.1 0.0 0.0 0.1 0.1 0.1 0.0 0.1 0.0 0.1
716 10 2 2 14 0.1 0.0 0.1 0.1 0.0 0.1 0.0 0.0 0.1 0.0 0.1 0.1
716 10 2 2 15 0.0 0.0 0.1 0.1 0.2 0.1 0.0 0.0 0.0 0.0 0.0 0.0
716 10 2 2 18 0.0 0.0 0.0 0.0 0.0 0.1 0.0 0.0 0.0 0.0 0.0 0.0
716 10 2 6 19 0.0 0.0 0.0 0.0 0.0 0.0 0.0 0.1 0.1 0.0 0.0 0.0
716 10 2 7 1 0.0 0.0 0.0 0.0 0.0 0.0 0.0 0.0 0.0 0.1 0.1 0.2
716 10 2 7 2 0.0 0.1 0.0 0.0 0.0 0.0 0.0 0.0 0.0 0.0 0.0 0.0
716 10 2 7 13 0.0 0.0 0.0 0.0 0.1 0.1 0.1 0.0 0.0 0.0 0.1 0.0
716 10 2 7 17 0.0 0.0 0.0 0.1 0.0 0.1 0.1 0.0 0.0 0.0 0.0 0.0
716 10 2 7 18 0.0 0.1 0.0 0.0 0.0 0.1 0.0 0.1 0.0 0.0 0.1 0.0
716 10 2 7 19 0.0 0.0 0.0 0.0 0.3 0.1 0.3 0.2 0.1 0.0 0.2 0.1
716 10 2 7 20 0.1 0.1 0.1 0.1 0.1 0.8 0.3 0.2 0.2 0.1 0.2 0.0
716 10 2 7 21 0.1 0.1 0.0 0.1 0.2 0.1 0.1 0.1 0.3 0.1 0.1 0.1
716 10 2 7 22 0.0 0.0 0.1 0.0 0.0 0.0 0.0 0.0 0.0 0.0 0.0 0.0
716 10 2 7 23 0.0 0.0 0.0 0.0 0.0 0.0 0.0 0.0 0.5 0.3 0.1 0.0
716 10 2 8 23 0.0 0.0 0.0 0.0 0.0 0.0 0.0 0.0 0.3 0.1 0.1 0.1
716 10 2 8 24 0.0 0.0 0.0 0.0 0.0 0.0 0.0 0.0 0.1 0.0 0.0 0.3
716 10 2 9 1 0.5 0.4 0.5 0.3 0.5 0.5 0.7 0.8 0.8 0.5 0.4 0.4
716 10 2 9 2 0.5 0.3 0.3 0.2 0.2 0.2 0.1 0.1 0.1 0.2 0.2 0.1
716 10 2 9 3 0.1 0.0 0.1 0.0 0.0 0.0 0.0 0.0 0.0 0.0 0.0 0.0
716 10 2 9 23 0.0 0.0 0.0 0.0 0.0 0.0 0.1 0.0 0.0 0.0 0.0 0.0
716 10 2 10 17 0.0 0.0 0.0 0.0 0.0 0.0 0.0 0.0 0.1 0.0 0.0 0.0
716 10 2 10 21 0.0 0.0 0.0 0.0 0.0 0.0 0.1 0.0 0.1 0.0 0.0 0.1
716 10 2 10 22 0.0 0.0 0.1 0.0 0.1 0.0 0.0 0.0 0.1 0.0 0.0 0.0
716 10 2 10 23 0.0 0.0 0.0 0.1 0.0 0.0 0.0 0.0 0.1 0.0 0.0 0.0
716 10 2 11 1 0.0 0.0 0.0 0.0 0.0 0.6 0.8 0.7 0.0 0.1 0.0 0.0
716 10 2 12 18 0.0 0.0 0.0 0.0 0.0 0.0 0.0 0.1 0.0 0.0 0.0 0.0
716 10 2 13 2 0.0 0.2 0.1 0.0 0.1 0.0 0.0 0.0 0.0 0.0 0.0 0.0
716 10 2 13 3 0.0 0.0 0.0 0.0 0.0 0.0 0.0 0.0 0.0 0.0 0.0 0.1
716 10 2 13 4 0.0 0.0 0.0 0.3 0.4 0.3 0.0 0.1 0.1 0.2 0.0 0.0
716 10 2 14 24 0.0 0.0 0.0 0.0 0.0 0.0 0.0 0.0 0.0 0.2 0.1 0.0
716 10 2 15 1 0.0 0.0 0.0 0.1 0.0 0.0 0.0 0.0 0.0 0.0 0.0 0.0
716 10 2 15 3 0.0 0.0 0.0 0.0 0.0 0.0 0.0 0.0 0.1 0.0 0.0 0.0
716 10 2 17 11 0.0 0.0 0.0 0.0 0.0 0.0 0.0 0.0 0.0 0.0 0.2 0.2
716 10 2 17 12 0.1 0.1 0.0 0.0 0.0 0.0 0.0 0.0 0.0 0.0 0.0 0.0
716 10 2 24 5 0.0 0.0 0.1 0.0 0.0 0.0 0.0 0.0 0.0 0.0 0.0 0.0
