622 10 1 5 11 0.0 0.0 0.0 0.0 0.0 0.0 0.0 0.0 0.0 0.0 0.0 0.1
622 10 1 5 12 0.0 0.0 0.0 0.0 0.0 0.0 0.1 0.0 0.0 0.0 0.0 0.1
622 10 1 5 13 0.0 0.0 0.0 0.0 0.1 0.0 0.1 0.1 0.1 0.1 0.1 0.1
622 10 1 5 14 0.1 0.1 0.1 0.1 0.1 0.1 0.1 0.1 0.1 0.1 0.1 0.1
622 10 1 5 15 0.2 0.1 0.1 0.1 0.1 0.1 0.1 0.1 0.1 0.2 0.1 0.1
622 10 1 5 16 0.1 0.0 0.0 0.1 0.0 0.0 0.1 0.0 0.0 0.0 0.0 0.1
622 10 1 5 17 0.0 0.0 0.1 0.0 0.0 0.1 0.0 0.1 0.0 0.1 0.0 0.0
622 10 1 5 18 0.0 0.0 0.0 0.1 0.0 0.0 0.0 0.1 0.0 0.0 0.0 0.0
622 10 1 5 19 0.1 0.0 0.0 0.0 0.0 0.0 0.0 0.0 0.0 0.0 0.0 0.1
622 10 1 12 18 0.0 0.0 0.0 0.0 0.0 0.0 0.0 0.0 0.1 0.0 0.1 0.1
622 10 1 12 19 0.0 0.1 0.0 0.0 0.0 0.1 0.0 0.0 0.0 0.0 0.0 0.0
622 10 1 12 20 0.0 0.0 0.0 0.0 0.1 0.0 0.0 0.0 0.0 0.0 0.1 0.0
622 10 1 12 21 0.0 0.0 0.0 0.0 0.1 0.0 0.0 0.0 0.0 0.0 0.0 0.0
622 10 1 12 24 0.0 0.0 0.0 0.0 0.1 0.0 0.0 0.1 0.0 0.1 0.1 0.0
622 10 1 13 1 0.1 0.1 0.0 0.0 0.1 0.0 0.1 0.1 0.1 0.1 0.1 0.0
622 10 1 13 2 0.1 0.0 0.0 0.1 0.0 0.0 0.0 0.1 0.1 0.0 0.1 0.0
622 10 1 13 3 0.1 0.0 0.0 0.0 0.0 0.1 0.0 0.0 0.0 0.0 0.0 0.0
622 10 1 15 9 0.0 0.0 0.0 0.0 0.1 0.0 0.0 0.1 0.0 0.0 0.0 0.0
622 10 1 16 24 0.0 0.0 0.0 0.0 0.0 0.0 0.0 0.0 0.0 0.1 0.0 0.0
622 10 1 18 12 0.0 0.0 0.0 0.0 0.0 0.0 0.1 0.0 0.1 0.0 0.1 0.1
622 10 1 18 13 0.0 0.0 0.0 0.0 0.0 0.0 0.1 0.0 0.0 0.0 0.0 0.1
622 10 1 27 18 0.0 0.0 0.0 0.0 0.0 0.0 0.0 0.0 0.1 0.0 0.0 0.0
622 10 1 27 19 0.0 0.0 0.1 0.0 0.0 0.1 0.0 0.1 0.0 0.0 0.1 0.0
622 10 1 27 20 0.0 0.1 0.0 0.0 0.1 0.0 0.0 0.0 0.0 0.1 0.0 0.0
622 10 1 27 21 0.0 0.0 0.0 0.0 0.1 0.0 0.0 0.0 0.0 0.0 0.0 0.1
622 10 1 27 22 0.0 0.0 0.0 0.1 0.0 0.0 0.1 0.0 0.0 0.1 0.0 0.0
622 10 1 27 23 0.1 0.0 0.0 0.0 0.0 0.0 0.1 0.0 0.0 0.0 0.0 0.0
622 10 1 27 24 0.0 0.0 0.0 0.0 0.0 0.0 0.1 0.0 0.0 0.0 0.0 0.0
622 10 1 28 1 0.0 0.0 0.1 0.0 0.0 0.0 0.0 0.0 0.0 0.1 0.0 0.0
622 10 1 28 2 0.0 0.0 0.0 0.0 0.0 0.0 0.0 0.0 0.0 0.0 0.0 0.1
622 10 1 28 9 0.0 0.0 0.0 0.0 0.0 0.0 0.0 0.0 0.1 0.0 0.0 0.1
622 10 1 28 10 0.0 0.1 0.0 0.0 0.0 0.0 0.1 0.0 0.1 0.1 0.0 0.0
622 10 1 28 11 0.1 0.0 0.1 0.1 0.0 0.1 0.0 0.0 0.0 0.1 0.0 0.0
622 10 1 28 12 0.0 0.0 0.0 0.0 0.0 0.1 0.0 0.1 0.0 0.0 0.0 0.1
622 10 1 28 14 0.0 0.0 0.0 0.0 0.0 0.0 0.0 0.0 0.1 0.0 0.0 0.0
622 10 1 28 15 0.0 0.0 0.0 0.0 0.0 0.1 0.1 0.1 0.0 0.1 0.0 0.0
622 10 1 28 16 0.0 0.0 0.0 0.1 0.0 0.0 0.0 0.0 0.0 0.0 0.0 0.0
622 10 1 28 17 0.0 0.0 0.0 0.1 0.0 0.0 0.0 0.0 0.0 0.0 0.0 0.0
622 10 1 28 19 0.0 0.0 0.0 0.0 0.1 0.0 0.0 0.0 0.0 0.0 0.0 0.0
622 10 1 28 20 0.0 0.0 0.0 0.0 0.0 0.0 0.0 0.1 0.0 0.0 0.0 0.0
622 10 1 28 24 0.0 0.0 0.0 0.0 0.0 0.1 0.0 0.0 0.0 0.0 0.0 0.0
622 10 1 29 6 0.0 0.1 0.0 0.0 0.0 0.0 0.0 0.0 0.0 0.0 0.0 0.0
622 10 1 29 11 0.1 0.0 0.0 0.0 0.0 0.0 0.0 0.0 0.0 0.0 0.0 0.0
622 10 1 29 12 0.0 0.0 0.1 0.0 0.1 0.0 0.1 0.0 0.1 0.0 0.0 0.1
622 10 1 29 13 0.0 0.1 0.0 0.1 0.2 0.1 0.0 0.0 0.0 0.0 0.0 0.0
622 10 1 29 14 0.0 0.0 0.0 0.0 0.0 0.0 0.0 0.0 0.0 0.0 0.1 0.0
622 10 1 29 15 0.0 0.0 0.1 0.0 0.0 0.0 0.0 0.0 0.0 0.0 0.0 0.1
