715 10 1 5 18 0.0 0.0 0.0 0.0 0.0 0.0 0.0 0.1 0.0 0.0 0.0 0.0
715 10 1 12 15 0.0 0.0 0.0 0.0 0.0 0.0 0.1 0.0 0.0 0.0 0.0 0.0
715 10 1 14 4 0.0 0.0 0.1 0.0 0.0 0.1 0.3 0.3 0.3 0.2 0.1 0.1
715 10 1 14 5 0.1 0.1 0.1 0.0 0.0 0.0 0.1 0.1 0.0 0.1 0.0 0.0
715 10 1 14 6 0.0 0.0 0.0 0.1 0.0 0.0 0.0 0.0 0.0 0.0 0.0 0.0
715 10 1 14 7 0.0 0.0 0.0 0.0 0.0 0.0 0.0 0.0 0.0 0.1 0.0 0.0
715 10 1 14 8 0.0 0.1 0.0 0.0 0.0 0.0 0.0 0.0 0.0 0.0 0.0 0.0
715 10 1 14 9 0.0 0.0 0.0 0.0 0.0 0.0 0.0 0.1 0.0 0.0 0.0 0.0
715 10 1 14 10 0.1 0.0 0.0 0.0 0.0 0.0 0.1 0.0 0.0 0.0 0.0 0.0
715 10 1 14 11 0.0 0.0 0.0 0.0 0.0 0.1 0.0 0.1 0.0 0.1 0.1 0.1
715 10 1 14 12 0.1 0.1 0.1 0.1 0.2 0.2 0.1 0.2 0.1 0.1 0.1 0.2
715 10 1 14 13 0.0 0.0 0.0 0.0 0.0 0.1 0.0 0.2 0.0 0.1 0.0 0.0
715 10 1 14 14 0.0 0.1 0.0 0.0 0.0 0.0 0.0 0.0 0.0 0.0 0.0 0.0
715 10 1 14 16 0.0 0.0 0.0 0.0 0.0 0.0 0.0 0.0 0.1 0.0 0.0 0.0
715 10 1 14 22 0.0 0.0 0.0 0.1 0.0 0.0 0.0 0.0 0.0 0.0 0.0 0.0
715 10 1 16 8 0.0 0.0 0.0 0.0 0.0 0.0 0.0 0.0 0.0 0.0 0.1 0.0
715 10 1 16 9 0.0 0.0 0.0 0.1 0.0 0.0 0.0 0.0 0.0 0.0 0.0 0.0
715 10 1 16 10 0.0 0.0 0.1 0.0 0.0 0.1 0.0 0.0 0.1 0.0 0.1 0.1
715 10 1 16 11 0.0 0.1 0.0 0.0 0.1 0.0 0.1 0.0 0.1 0.0 0.0 0.0
715 10 1 16 13 0.0 0.0 0.0 0.0 0.1 0.0 0.1 0.0 0.1 0.0 0.1 0.1
715 10 1 16 14 0.2 0.1 0.3 0.3 0.1 0.1 0.1 0.1 0.1 0.1 0.0 0.1
715 10 1 16 15 0.0 0.1 0.1 0.0 0.0 0.0 0.0 0.0 0.2 0.0 0.2 0.1
715 10 1 16 16 0.0 0.2 0.0 0.0 0.1 0.1 0.1 0.1 0.2 0.0 0.0 0.1
715 10 1 16 17 0.0 0.0 0.0 0.0 0.0 0.0 0.0 0.0 0.0 0.0 0.1 0.0
715 10 1 16 18 0.0 0.0 0.0 0.0 0.0 0.1 0.0 0.0 0.0 0.0 0.3 0.0
715 10 1 16 19 0.1 0.2 0.1 0.0 0.1 0.0 0.0 0.0 0.0 0.0 0.0 0.0
715 10 1 16 20 0.0 0.0 0.0 0.0 0.1 0.0 0.0 0.0 0.0 0.0 0.0 0.0
715 10 1 16 21 0.0 0.0 0.1 0.0 0.0 0.0 0.1 0.0 0.0 0.0 0.1 0.2
715 10 1 16 22 0.0 0.0 0.0 0.1 0.0 0.1 0.0 0.0 0.0 0.1 0.0 0.0
715 10 1 21 12 0.1 0.1 0.2 0.1 0.3 0.1 0.1 0.0 0.0 0.1 0.0 0.0
715 10 1 22 2 0.0 0.0 0.0 0.1 0.1 0.0 0.1 0.0 0.1 0.1 0.0 0.1
715 10 1 22 3 0.0 0.0 0.0 0.1 0.0 0.1 0.2 0.1 0.2 0.1 0.2 0.2
715 10 1 22 4 0.2 0.2 0.0 0.1 0.0 0.1 0.1 0.0 0.0 0.1 0.0 0.1
715 10 1 22 5 0.1 0.1 0.1 0.0 0.1 0.0 0.1 0.0 0.0 0.1 0.0 0.0
715 10 1 22 6 0.1 0.0 0.0 0.0 0.0 0.1 0.0 0.0 0.0 0.2 0.0 0.1
715 10 1 22 7 0.0 0.1 0.0 0.2 0.1 0.1 0.2 0.2 0.2 0.3 0.3 0.2
715 10 1 22 8 0.2 0.2 0.1 0.1 0.1 0.1 0.2 0.2 0.2 0.1 0.1 0.1
715 10 1 22 9 0.2 0.5 0.3 0.5 0.4 0.3 0.2 0.0 0.1 0.1 0.1 0.1
715 10 1 22 10 0.1 0.0 0.1 0.0 0.1 0.0 0.0 0.0 0.0 0.1 0.0 0.0
715 10 1 22 11 0.0 0.0 0.0 0.1 0.0 0.1 0.1 0.0 0.0 0.2 0.0 0.0
715 10 1 22 12 0.0 0.1 0.0 0.1 0.1 0.0 0.2 0.2 0.0 0.0 0.0 0.0
715 10 1 22 13 0.3 0.1 0.0 0.0 0.0 0.1 0.0 0.0 0.0 0.0 0.0 0.0
715 10 1 22 14 0.0 0.0 0.0 0.0 0.0 0.0 0.0 0.1 0.0 0.0 0.0 0.0
715 10 1 22 15 0.0 0.0 0.0 0.0 0.0 0.1 0.0 0.1 0.0 0.0 0.0 0.0
715 10 1 22 18 0.0 0.0 0.0 0.0 0.1 0.1 0.1 0.2 0.1 0.0 0.5 0.6
715 10 1 22 19 0.3 0.3 0.4 0.3 0.3 0.4 0.2 0.3 0.3 0.1 0.3 0.1
715 10 1 22 20 0.0 0.0 0.0 0.0 0.0 0.0 0.0 0.1 0.0 0.0 0.0 0.0
715 10 1 22 21 0.0 0.0 0.0 0.0 0.0 0.1 0.0 0.0 0.0 0.0 0.0 0.0
715 10 1 23 1 0.0 0.0 0.0 0.0 0.0 0.1 0.0 0.1 0.0 0.0 0.1 0.0
715 10 1 23 2 0.0 0.1 0.0 0.0 0.0 0.0 0.0 0.0 0.0 0.0 0.0 0.0
715 10 1 23 5 0.1 0.0 0.0 0.0 0.0 0.0 0.0 0.1 0.0 0.0 0.0 0.1
715 10 1 23 12 0.1 0.0 0.0 0.1 0.0 0.0 0.0 0.0 0.1 0.0 0.0 0.0
715 10 1 24 13 0.0 0.0 0.0 0.0 0.3 0.1 0.3 0.1 0.3 0.1 0.3 0.1
715 10 1 24 14 0.0 0.0 0.1 0.0 0.0 0.0 0.0 0.1 0.1 0.0 0.2 0.0
715 10 1 24 15 0.0 0.0 0.2 0.0 0.0 0.0 0.0 0.1 0.0 0.1 0.0 0.0
715 10 1 24 16 0.0 0.1 0.0 0.0 0.0 0.0 0.0 0.1 0.0 0.0 0.0 0.0
715 10 1 24 24 0.0 0.0 0.0 0.0 0.0 0.0 0.1 0.1 0.0 0.1 0.0 0.0
715 10 1 25 1 0.0 0.0 0.0 0.1 0.1 0.0 0.0 0.0 0.0 0.0 0.1 0.0
715 10 1 25 2 0.0 0.1 0.0 0.1 0.3 0.1 0.2 0.2 0.1 0.3 0.1 0.1
715 10 1 25 3 0.1 0.1 0.1 0.0 0.1 0.2 0.1 0.1 0.2 0.1 0.0 0.0
715 10 1 25 4 0.2 0.0 0.0 0.1 0.1 0.0 0.0 0.1 0.0 0.1 0.0 0.1
715 10 1 25 5 0.2 0.0 0.1 0.0 0.1 0.1 0.0 0.1 0.0 0.1 0.0 0.1
715 10 1 25 6 0.0 0.0 0.0 0.0 0.1 0.1 0.1 0.0 0.0 0.0 0.0 0.0
715 10 1 25 9 0.0 0.0 0.0 0.0 0.0 0.0 0.0 0.0 0.0 0.0 0.1 0.0
715 10 1 25 11 0.2 0.0 0.0 0.0 0.0 0.1 0.0 0.0 0.1 0.0 0.0 0.0
715 10 1 25 12 0.0 0.0 0.0 0.0 0.0 0.0 0.0 0.0 0.1 0.0 0.0 0.0
715 10 1 25 14 0.0 0.1 0.0 0.0 0.0 0.0 0.0 0.0 0.0 0.1 0.0 0.0
715 10 1 25 15 0.0 0.0 0.0 0.0 0.0 0.0 0.1 0.0 0.0 0.0 0.0 0.0
715 10 1 25 17 0.0 0.0 0.0 0.0 0.0 0.1 0.0 0.0 0.0 0.0 0.0 0.0
715 10 1 27 21 0.1 0.1 0.1 0.1 0.0 0.1 0.0 0.1 0.1 0.0 0.0 0.0
715 10 1 27 22 0.0 0.0 0.0 0.1 0.2 0.1 0.2 0.2 0.2 0.3 0.2 0.1
715 10 1 27 23 0.0 0.1 0.1 0.1 0.1 0.2 0.1 0.2 0.1 0.1 0.1 0.1
715 10 1 27 24 0.0 0.1 0.0 0.2 0.0 0.2 0.1 0.1 0.0 0.1 0.1 0.2
715 10 1 28 1 0.0 0.0 0.0 0.1 0.0 0.0 0.0 0.0 0.0 0.0 0.0 0.0
715 10 1 28 2 0.1 0.1 0.2 0.2 0.6 0.0 0.1 0.1 0.0 0.0 0.0 0.0
715 10 1 28 3 0.0 0.0 0.0 0.1 0.0 0.1 0.0 0.0 0.0 0.1 0.0 0.0
715 10 1 28 4 0.1 0.0 0.1 0.1 0.1 0.1 0.1 0.1 0.1 0.3 0.1 0.1
715 10 1 28 5 0.0 0.0 0.1 0.0 0.0 0.0 0.0 0.0 0.0 0.0 0.0 0.0
715 10 1 29 3 0.0 0.0 0.1 0.0 0.2 0.0 0.0 0.0 0.0 0.0 0.1 0.0
