716 10 1 5 18 0.1 0.1 0.0 0.0 0.0 0.0 0.0 0.0 0.0 0.0 0.0 0.0
716 10 1 10 20 0.0 0.1 0.0 0.0 0.0 0.0 0.0 0.0 0.0 0.0 0.0 0.0
716 10 1 12 15 0.0 0.0 0.0 0.0 0.0 0.0 0.0 0.1 0.0 0.0 0.0 0.1
716 10 1 14 2 0.0 0.0 0.0 0.0 0.0 0.0 0.0 0.0 0.0 0.0 0.1 0.1
716 10 1 14 3 0.1 0.0 0.1 0.0 0.1 0.1 0.2 0.1 0.1 0.1 0.1 0.0
716 10 1 14 4 0.0 0.6 0.4 0.3 0.3 0.4 0.1 0.0 0.0 0.0 0.0 0.1
716 10 1 14 5 0.0 0.0 0.0 0.0 0.1 0.0 0.1 0.0 0.1 0.0 0.0 0.0
716 10 1 14 6 0.1 0.0 0.0 0.1 0.0 0.0 0.0 0.0 0.0 0.0 0.0 0.0
716 10 1 14 9 0.0 0.0 0.0 0.0 0.0 0.3 0.2 0.1 0.0 0.1 0.0 0.0
716 10 1 14 10 0.0 0.0 0.0 0.0 0.0 0.0 0.0 0.0 0.0 0.0 0.0 0.1
716 10 1 14 11 0.1 0.1 0.0 0.1 0.1 0.0 0.1 0.0 0.1 0.0 0.1 0.2
716 10 1 14 12 0.2 0.2 0.1 0.2 0.2 0.1 0.2 0.1 0.1 0.1 0.1 0.0
716 10 1 14 13 0.0 0.1 0.0 0.1 0.0 0.1 0.1 0.2 0.1 0.3 0.1 0.1
716 10 1 14 14 0.1 0.0 0.1 0.0 0.1 0.0 0.0 0.0 0.0 0.0 0.0 0.1
716 10 1 14 17 0.0 0.0 0.0 0.0 0.0 0.0 0.0 0.0 0.0 0.1 0.0 0.0
716 10 1 14 18 0.0 0.0 0.0 0.0 0.0 0.0 0.0 0.0 0.0 0.1 0.0 0.0
716 10 1 14 22 0.0 0.1 0.0 0.0 0.0 0.1 0.0 0.0 0.0 0.0 0.0 0.0
716 10 1 16 12 0.0 0.0 0.0 0.0 0.0 0.0 0.0 0.1 0.0 0.0 0.0 0.0
716 10 1 16 14 0.0 0.0 0.1 0.0 0.1 0.0 0.1 0.0 0.0 0.1 0.0 0.0
716 10 1 16 21 0.0 0.0 0.0 0.0 0.1 0.0 0.0 0.1 0.1 0.1 0.1 0.1
716 10 1 16 22 0.1 0.0 0.0 0.1 0.0 0.0 0.1 0.0 0.1 0.0 0.0 0.0
716 10 1 17 8 0.0 0.0 0.0 0.0 0.0 0.1 0.0 0.0 0.0 0.0 0.0 0.0
716 10 1 17 9 0.0 0.1 0.0 0.0 0.0 0.0 0.0 0.1 0.1 0.0 0.0 0.0
716 10 1 19 24 0.0 0.0 0.1 0.1 0.1 0.0 0.0 0.0 0.1 0.0 0.1 0.0
716 10 1 22 1 0.0 0.0 0.0 0.0 0.0 0.0 0.0 0.0 0.0 0.1 0.1 0.3
716 10 1 22 2 0.2 0.2 0.3 0.2 0.1 0.2 0.2 0.2 0.2 0.1 0.1 0.4
716 10 1 22 3 0.3 0.3 0.3 0.4 0.2 0.3 0.2 0.3 0.4 0.4 0.5 0.4
716 10 1 22 4 0.2 0.3 0.2 0.4 0.1 0.2 0.2 0.2 0.2 0.4 0.2 0.3
716 10 1 22 5 0.3 0.2 0.2 0.2 0.1 0.2 0.2 0.1 0.0 0.0 0.0 0.0
716 10 1 22 6 0.0 0.0 0.1 0.0 0.0 0.1 0.0 0.0 0.0 0.0 0.0 0.0
716 10 1 22 8 0.0 0.0 0.1 0.2 0.3 0.0 0.1 0.0 0.0 0.1 0.1 0.2
716 10 1 22 9 0.2 0.1 0.1 0.0 0.0 0.1 0.1 0.0 0.0 0.1 0.0 0.1
716 10 1 22 10 0.0 0.0 0.0 0.1 0.0 0.0 0.0 0.0 0.0 0.0 0.0 0.0
716 10 1 22 12 0.0 0.0 0.1 0.0 0.0 0.0 0.1 0.1 0.1 0.1 0.0 0.1
716 10 1 22 13 0.0 0.0 0.1 0.0 0.0 0.0 0.0 0.0 0.0 0.0 0.0 0.0
716 10 1 22 18 0.0 0.0 0.0 0.0 0.0 0.0 0.0 0.0 0.0 0.0 0.0 0.1
716 10 1 22 19 0.0 0.0 0.0 0.0 0.0 0.0 0.0 0.0 0.1 0.1 0.0 0.0
716 10 1 23 10 0.0 0.1 0.0 0.0 0.0 0.0 0.0 0.0 0.0 0.0 0.0 0.0
716 10 1 23 11 0.0 0.1 0.0 0.0 0.0 0.0 0.0 0.0 0.0 0.0 0.0 0.0
716 10 1 27 22 0.0 0.0 0.1 0.0 0.1 0.1 0.1 0.1 0.1 0.0 0.1 0.1
716 10 1 27 23 0.1 0.1 0.1 0.2 0.0 0.1 0.1 0.1 0.1 0.0 0.1 0.1
716 10 1 27 24 0.1 0.1 0.1 0.1 0.0 0.1 0.0 0.0 0.1 0.0 0.0 0.0
716 10 1 28 2 0.0 0.0 0.0 0.0 0.0 0.0 0.2 0.1 0.1 0.0 0.0 0.0
716 10 1 28 3 0.0 0.0 0.0 0.0 0.0 0.0 0.1 0.1 0.1 0.2 0.1 0.2
716 10 1 28 4 0.1 0.0 0.0 0.1 0.0 0.1 0.1 0.0 0.0 0.1 0.0 0.0
716 10 1 29 3 0.0 0.0 0.0 0.0 0.0 0.0 0.0 0.1 0.0 0.1 0.0 0.1
