622 10 4 11 1 0.0 0.0 0.0 0.0 0.0 0.0 0.0 0.0 0.0 0.0 0.1 0.1
622 10 4 11 2 0.1 0.1 0.0 0.0 0.1 0.1 0.0 0.0 0.0 0.1 0.0 0.0
622 10 4 11 4 0.0 0.0 0.0 0.0 0.0 0.0 0.0 0.0 0.0 0.0 0.1 0.0
622 10 4 11 5 0.0 0.0 0.0 0.1 0.0 0.0 0.0 0.0 0.0 0.0 0.0 0.0
622 10 4 14 1 0.0 0.0 0.0 0.0 0.0 0.0 0.1 0.0 0.0 0.0 0.0 0.1
622 10 4 14 2 0.0 0.0 0.1 0.1 0.0 0.1 0.0 0.1 0.0 0.0 0.0 0.1
622 10 4 14 3 0.0 0.1 0.2 0.1 0.0 0.1 0.0 0.0 0.0 0.1 0.1 0.0
622 10 4 14 4 0.0 0.1 0.1 0.2 0.1 0.1 0.1 0.1 0.1 0.1 0.2 0.2
622 10 4 14 5 0.1 0.2 0.4 0.2 0.2 0.1 0.0 0.2 0.3 0.3 0.3 0.6
622 10 4 14 6 0.2 0.2 0.1 0.1 0.2 0.4 0.1 0.4 0.3 0.3 0.3 0.2
622 10 4 14 7 0.1 0.1 0.0 0.0 0.0 0.0 0.0 0.0 0.0 0.0 0.0 0.0
622 10 4 14 8 0.0 0.0 0.0 0.0 0.0 0.0 0.0 0.0 0.0 0.1 0.0 0.0
622 10 4 18 3 0.1 0.0 0.1 0.1 0.1 0.1 0.1 0.0 0.1 0.1 0.1 0.1
622 10 4 18 4 0.1 0.2 0.1 0.0 0.1 0.1 0.1 0.1 0.0 0.1 0.0 0.1
622 10 4 18 8 0.1 0.0 0.1 0.0 0.0 0.0 0.0 0.0 0.0 0.0 0.0 0.0
622 10 4 18 18 0.0 0.1 0.0 0.0 0.0 0.0 0.0 0.0 0.0 0.0 0.0 0.0
622 10 4 19 13 0.0 0.0 0.0 0.0 0.0 0.0 0.0 0.1 0.1 0.1 0.1 0.2
622 10 4 19 14 0.1 0.1 0.1 0.1 0.2 0.1 0.1 0.2 0.1 0.1 0.2 0.1
622 10 4 19 15 0.2 0.1 0.2 0.1 0.2 0.2 0.2 0.2 0.2 0.1 0.1 0.0
622 10 4 19 17 0.0 0.1 0.0 0.0 0.0 0.0 0.0 0.0 0.0 0.0 0.0 0.0
622 10 4 24 6 0.0 0.0 0.0 0.0 0.0 0.0 0.1 0.0 0.0 0.0 0.0 0.0
622 10 4 24 8 0.0 0.0 0.0 0.0 0.0 0.0 0.1 0.0 0.0 0.0 0.0 0.0
622 10 4 24 12 0.0 0.0 0.0 0.0 0.0 0.0 0.0 0.0 0.0 0.0 0.1 0.0
622 10 4 24 15 0.0 0.0 0.0 0.0 0.0 0.0 0.0 0.0 0.1 0.0 0.0 0.1
622 10 4 24 16 0.0 0.1 0.0 0.0 0.1 0.0 0.0 0.1 0.0 0.0 0.1 0.0
