622 10 12 2 24 0.2 0.3 0.2 0.1 0.0 0.1 0.0 0.0 0.2 0.2 0.2 0.1
622 10 12 4 2 0.0 0.0 0.0 0.0 0.1 0.0 0.0 0.0 0.0 0.0 0.0 0.0
622 10 12 4 8 0.0 0.0 0.0 0.1 0.0 0.0 0.1 0.0 0.0 0.1 0.0 0.0
622 10 12 4 18 0.0 0.1 0.1 0.0 0.1 0.0 0.0 0.1 0.0 0.1 0.0 0.1
622 10 12 4 19 0.0 0.0 0.1 0.0 0.0 0.0 0.1 0.0 0.0 0.0 0.1 0.0
622 10 12 4 20 0.1 0.1 0.0 0.0 0.0 0.0 0.0 0.0 0.0 0.0 0.0 0.0
622 10 12 10 8 0.0 0.0 0.0 0.0 0.0 0.0 0.0 0.0 0.0 0.0 0.1 0.1
622 10 12 10 9 0.1 0.0 0.2 0.2 0.2 0.2 0.0 0.1 0.1 0.2 0.0 0.1
622 10 12 13 9 0.1 0.0 0.0 0.0 0.0 0.0 0.0 0.0 0.0 0.0 0.0 0.0
622 10 12 13 10 0.0 0.0 0.0 0.0 0.0 0.0 0.0 0.0 0.1 0.1 0.1 0.2
622 10 12 13 11 0.1 0.2 0.1 0.2 0.1 0.1 0.2 0.0 0.3 0.1 0.1 0.2
622 10 12 13 12 0.2 0.2 0.1 0.2 0.1 0.1 0.1 0.1 0.1 0.1 0.2 0.3
622 10 12 13 13 0.0 0.1 0.0 0.1 0.1 0.1 0.0 0.1 0.1 0.2 0.1 0.1
622 10 12 13 14 0.1 0.1 0.2 0.1 0.1 0.1 0.2 0.1 0.2 0.1 0.2 0.1
622 10 12 13 15 0.2 0.2 0.2 0.3 0.2 0.1 0.2 0.1 0.3 0.1 0.0 0.0
622 10 12 13 16 0.0 0.0 0.0 0.0 0.0 0.0 0.0 0.0 0.0 0.0 0.1 0.0
622 10 12 13 21 0.0 0.0 0.0 0.0 0.0 0.0 0.0 0.0 0.0 0.0 0.1 0.0
622 10 12 16 12 0.0 0.0 0.0 0.0 0.0 0.0 0.0 0.0 0.1 0.0 0.0 0.0
622 10 12 25 6 0.0 0.0 0.0 0.0 0.0 0.0 0.1 0.3 0.7 1.9 0.9 0.5
622 10 12 25 7 0.5 0.4 0.3 0.3 0.1 0.1 0.1 0.0 0.0 0.0 0.0 0.0
622 10 12 27 8 0.0 0.0 0.0 0.1 0.0 0.0 0.0 0.0 0.0 0.0 0.0 0.0
622 10 12 27 11 0.0 0.0 0.0 0.0 0.0 0.0 0.0 0.0 0.1 0.0 0.0 0.0
622 10 12 28 2 0.0 0.1 0.0 0.0 0.0 0.0 0.0 0.0 0.0 0.0 0.0 0.0
