715 10 12 11 8 0.0 0.0 0.0 0.0 0.0 0.0 0.0 0.0 0.0 0.0 0.0 0.1
715 10 12 11 9 0.1 0.0 0.0 0.1 0.0 0.1 0.1 0.0 0.0 0.0 0.0 0.0
715 10 12 11 12 0.0 0.0 0.0 0.0 0.0 0.1 0.0 0.1 0.0 0.0 0.0 0.0
715 10 12 11 17 0.0 0.0 0.0 0.1 0.0 0.0 0.1 0.0 0.1 0.0 0.0 0.0
715 10 12 11 18 0.2 0.0 0.0 0.1 0.0 0.0 0.0 0.0 0.0 0.0 0.0 0.0
715 10 12 11 20 0.0 0.2 0.0 0.1 0.0 0.0 0.0 0.0 0.0 0.0 0.0 0.0
715 10 12 11 23 0.0 0.1 0.1 0.0 0.0 0.0 0.0 0.0 0.0 0.0 0.0 0.0
715 10 12 13 10 0.0 0.0 0.1 0.2 0.0 0.0 0.0 0.1 0.0 0.0 0.3 0.1
715 10 12 13 11 0.0 0.1 0.0 0.1 0.0 0.0 0.0 0.0 0.0 0.0 0.0 0.0
715 10 12 13 13 0.1 0.0 0.1 0.1 0.0 0.1 0.1 0.1 0.0 0.0 0.0 0.0
715 10 12 13 14 0.0 0.0 0.1 0.0 0.0 0.0 0.2 0.5 0.1 0.1 1.1 0.6
715 10 12 13 15 0.2 0.8 0.4 0.1 0.2 0.0 0.0 0.1 0.0 0.0 0.0 0.0
715 10 12 14 6 0.0 0.0 0.0 0.0 0.0 0.0 0.0 0.0 0.1 0.1 0.1 0.0
715 10 12 15 9 0.0 0.0 0.0 0.0 0.0 0.0 0.0 0.0 0.0 0.1 0.1 0.2
715 10 12 15 10 0.2 0.2 0.2 0.3 0.2 0.2 0.2 0.1 0.2 0.1 0.2 0.1
715 10 12 15 11 0.1 0.1 0.0 0.1 0.0 0.0 0.1 0.0 0.0 0.1 0.1 0.0
715 10 12 15 12 0.0 0.0 0.0 0.1 0.0 0.2 0.1 0.1 0.0 0.1 0.0 0.0
715 10 12 15 13 0.0 0.0 0.1 0.1 0.1 0.1 0.1 0.4 0.2 0.0 0.0 0.1
715 10 12 15 14 0.0 0.0 0.0 0.2 0.1 0.4 0.1 0.0 0.0 0.0 0.0 0.1
715 10 12 15 15 0.0 0.3 0.2 0.2 0.1 0.2 0.2 0.1 0.1 0.0 0.0 0.0
715 10 12 15 19 0.1 0.0 0.1 0.1 0.0 0.1 0.1 0.0 0.0 0.0 0.0 0.0
715 10 12 16 1 0.0 0.0 0.0 0.0 0.0 0.0 0.0 0.0 0.0 0.1 0.0 0.0
715 10 12 16 2 0.1 0.0 0.0 0.1 0.0 0.0 0.1 0.0 0.0 0.0 0.0 0.0
715 10 12 16 3 0.0 0.1 0.1 0.1 0.1 0.0 0.1 0.0 0.1 0.0 0.0 0.0
715 10 12 16 12 0.0 0.0 0.0 0.1 0.0 0.1 0.1 0.0 0.1 0.0 0.0 0.0
715 10 12 16 23 0.0 0.0 0.0 0.2 0.1 0.1 0.0 0.1 0.1 0.1 0.1 0.0
715 10 12 16 24 0.2 0.1 0.1 0.1 0.1 0.0 0.1 0.0 0.1 0.0 0.0 0.1
715 10 12 17 1 0.0 0.0 0.0 0.0 0.0 0.1 0.0 0.0 0.0 0.0 0.0 0.0
715 10 12 27 18 0.0 0.1 0.0 0.0 0.0 0.0 0.0 0.0 0.0 0.0 0.0 0.0
715 10 12 27 23 0.0 0.0 0.0 0.0 0.0 0.0 0.0 0.0 0.0 0.0 0.1 0.0
715 10 12 27 24 0.1 0.1 0.0 0.0 0.0 0.0 0.0 0.1 0.0 0.0 0.0 0.0
715 10 12 28 3 0.0 0.0 0.0 0.0 0.0 0.0 0.0 0.0 0.1 0.0 0.1 0.0
715 10 12 28 10 0.0 0.0 0.0 0.0 0.0 0.0 0.0 0.1 0.0 0.1 0.0 0.1
715 10 12 28 11 0.1 0.1 0.1 0.0 0.1 0.0 0.0 0.0 0.0 0.0 0.0 0.0
715 10 12 29 4 0.0 0.0 0.0 0.0 0.0 0.0 0.0 0.1 0.0 0.0 0.0 0.0
