716 10 12 11 7 0.2 0.0 0.1 0.0 0.0 0.0 0.0 0.0 0.0 0.0 0.0 0.0
716 10 12 11 8 0.0 0.1 0.0 0.0 0.1 0.0 0.0 0.0 0.1 0.0 0.0 0.1
716 10 12 11 9 0.1 0.1 0.1 0.0 0.1 0.0 0.0 0.0 0.0 0.0 0.1 0.0
716 10 12 13 10 0.0 0.0 0.0 0.0 0.0 0.0 0.1 0.0 0.0 0.0 0.0 0.0
716 10 12 13 11 0.0 0.1 0.0 0.0 0.0 0.0 0.0 0.0 0.1 0.0 0.1 0.0
716 10 12 13 13 0.0 0.0 0.0 0.0 0.0 0.0 0.1 0.2 0.0 0.2 0.1 0.0
716 10 12 13 14 0.1 0.0 0.1 0.0 0.0 0.0 0.0 0.0 0.0 0.0 0.0 0.0
716 10 12 14 1 0.0 0.2 0.4 0.4 0.1 0.1 0.1 0.0 0.0 0.0 0.0 0.0
716 10 12 14 4 0.0 0.1 0.0 0.0 0.0 0.0 0.0 0.0 0.0 0.0 0.0 0.0
716 10 12 15 3 0.0 0.0 0.0 0.0 0.0 0.0 0.0 0.1 0.0 0.0 0.0 0.0
716 10 12 15 4 0.0 0.0 0.0 0.1 0.0 0.1 0.0 0.0 0.0 0.0 0.0 0.0
716 10 12 15 5 0.1 0.0 0.0 0.1 0.2 0.2 0.0 0.0 0.0 0.0 0.0 0.0
716 10 12 15 9 0.0 0.0 0.0 0.0 0.0 0.0 0.0 0.0 0.1 0.0 0.3 1.1
716 10 12 15 10 0.2 0.1 0.0 0.0 0.1 0.0 0.0 0.0 0.0 0.0 0.0 0.0
716 10 12 15 11 0.0 0.1 0.0 0.0 0.0 0.1 0.1 0.1 0.0 0.1 0.0 0.1
716 10 12 15 12 0.0 0.0 0.1 0.1 0.2 0.1 0.1 0.1 0.2 0.2 0.0 0.1
716 10 12 15 14 0.0 0.0 0.0 0.0 0.1 0.1 0.0 0.1 0.0 0.0 0.0 0.0
716 10 12 15 16 0.0 0.0 0.0 0.0 0.1 0.0 0.0 0.0 0.0 0.0 0.0 0.0
716 10 12 16 1 0.0 0.0 0.0 0.0 0.0 0.0 0.0 0.0 0.1 0.0 0.0 0.0
716 10 12 16 2 0.1 0.1 0.1 0.1 0.0 0.1 0.0 0.1 0.1 0.1 0.0 0.0
716 10 12 16 3 0.0 0.1 0.0 0.0 0.0 0.0 0.0 0.0 0.1 0.0 0.0 0.0
716 10 12 16 6 0.1 0.1 0.2 0.1 0.2 0.1 0.1 0.1 0.2 0.2 0.2 0.2
716 10 12 16 7 0.2 0.1 0.2 0.1 0.0 0.1 0.0 0.1 0.1 0.2 0.1 0.1
716 10 12 16 8 0.0 0.1 0.0 0.0 0.0 0.0 0.0 0.0 0.0 0.0 0.0 0.0
716 10 12 16 9 0.1 0.0 0.1 0.0 0.0 0.1 0.0 0.0 0.1 0.0 0.0 0.1
716 10 12 16 10 0.0 0.0 0.0 0.0 0.0 0.0 0.0 0.1 0.0 0.0 0.0 0.1
716 10 12 16 22 0.0 0.0 0.0 0.2 0.1 0.0 0.0 0.0 0.0 0.0 0.1 0.0
716 10 12 16 23 0.0 0.0 0.0 0.0 0.1 0.0 0.0 0.0 0.0 0.0 0.0 0.0
716 10 12 16 24 0.0 0.0 0.0 0.0 0.0 0.0 0.0 0.0 0.1 0.0 0.0 0.0
716 10 12 17 1 0.1 0.0 0.1 0.1 0.1 0.1 0.1 0.1 0.1 0.1 0.1 0.1
716 10 12 17 2 0.1 0.1 0.0 0.1 0.0 0.0 0.1 0.0 0.0 0.0 0.1 0.0
716 10 12 17 3 0.0 0.0 0.1 0.0 0.1 0.0 0.1 0.0 0.1 0.1 0.0 0.0
716 10 12 17 4 0.0 0.0 0.1 0.0 0.0 0.1 0.0 0.0 0.0 0.0 0.0 0.0
716 10 12 17 7 0.0 0.1 0.0 0.0 0.0 0.0 0.0 0.0 0.0 0.0 0.0 0.0
716 10 12 27 5 0.0 0.0 0.0 0.0 0.0 0.0 0.0 0.0 0.1 0.0 0.0 0.1
716 10 12 27 6 0.0 0.0 0.1 0.0 0.0 0.0 0.0 0.1 0.0 0.0 0.0 0.0
716 10 12 27 12 0.0 0.2 0.0 0.0 0.0 0.0 0.0 0.0 0.0 0.0 0.0 0.0
716 10 12 27 13 0.0 0.0 0.0 0.0 0.0 0.0 0.0 0.0 0.0 0.0 0.0 0.1
716 10 12 27 14 0.0 0.1 0.0 0.0 0.0 0.1 0.0 0.0 0.0 0.0 0.1 0.0
716 10 12 27 17 0.0 0.0 0.0 0.1 0.0 0.0 0.0 0.0 0.0 0.1 0.1 0.1
716 10 12 27 23 0.0 0.0 0.0 0.0 0.1 0.1 0.0 0.1 0.0 0.0 0.0 0.1
716 10 12 28 3 0.0 0.0 0.0 0.0 0.0 0.0 0.0 0.0 0.0 0.0 0.1 0.0
716 10 12 28 5 0.0 0.0 0.0 0.0 0.0 0.1 0.0 0.1 0.0 0.1 0.0 0.1
716 10 12 28 6 0.0 0.0 0.0 0.0 0.0 0.0 0.0 0.1 0.1 0.1 0.1 0.1
716 10 12 28 7 0.1 0.1 0.1 0.1 0.1 0.1 0.1 0.1 0.0 0.0 0.1 0.1
716 10 12 28 8 0.1 0.0 0.1 0.1 0.1 0.0 0.0 0.1 0.0 0.0 0.1 0.1
716 10 12 28 9 0.0 0.1 0.1 0.1 0.1 0.1 0.0 0.0 0.0 0.0 0.0 0.0
716 10 12 28 11 0.1 0.1 0.0 0.0 0.0 0.0 0.0 0.0 0.0 0.0 0.0 0.0
