622 10 11 8 18 0.0 0.0 0.0 0.0 0.0 0.0 0.1 0.2 0.1 0.1 0.2 0.5
622 10 11 8 19 0.3 0.2 0.1 0.1 0.0 0.0 0.0 0.0 0.0 0.0 0.0 0.0
622 10 11 17 16 0.0 0.1 0.0 0.1 0.0 0.0 0.0 0.0 0.0 0.0 0.0 0.0
622 10 11 17 17 0.0 0.0 0.0 0.1 0.1 0.3 0.2 0.3 0.4 0.4 0.5 0.6
622 10 11 17 18 0.6 0.5 0.5 0.5 0.5 0.8 0.6 0.0 0.0 0.0 0.0 0.0
622 10 11 17 19 0.0 0.0 0.0 0.0 0.1 0.0 0.0 0.1 0.0 0.0 0.0 0.0
622 10 11 23 8 0.0 0.0 0.0 0.0 0.0 0.0 0.0 0.0 0.1 0.0 0.0 0.1
622 10 11 23 24 0.0 0.0 0.0 0.0 0.0 0.0 0.0 0.0 0.0 0.0 0.1 0.0
622 10 11 24 2 0.0 0.0 0.0 0.0 0.0 0.1 0.0 0.0 0.0 0.0 0.0 0.0
622 10 11 24 22 0.0 0.0 0.0 0.0 0.0 0.1 0.0 0.0 0.0 0.1 0.0 0.0
622 10 11 24 23 0.0 0.1 0.0 0.0 0.0 0.1 0.0 0.0 0.1 0.0 0.1 0.1
622 10 11 24 24 0.1 0.1 0.0 0.1 0.1 0.0 0.1 0.1 0.0 0.0 0.1 0.1
622 10 11 25 1 0.2 0.1 0.4 0.0 0.0 0.1 0.0 0.0 0.0 0.0 0.0 0.0
622 10 11 26 17 0.0 0.1 0.1 0.1 0.1 0.1 0.1 0.1 0.1 0.2 0.2 0.4
622 10 11 26 18 0.0 0.1 0.0 0.0 0.2 0.3 0.0 0.0 0.0 0.0 0.0 0.0
622 10 11 26 23 0.0 0.0 0.0 0.0 0.0 0.0 0.0 0.0 0.0 0.0 0.1 0.0
622 10 11 27 2 0.0 0.0 0.0 0.0 0.0 0.0 0.0 0.0 0.0 0.0 0.0 0.1
622 10 11 27 3 0.1 0.1 0.0 0.1 0.0 0.1 0.0 0.0 0.0 0.0 0.0 0.0
