715 10 11 12 16 0.0 0.4 0.6 1.0 3.0 2.5 1.1 0.9 0.5 0.3 0.4 1.3
715 10 11 12 17 0.8 0.5 0.5 0.7 0.7 0.1 0.3 0.1 0.1 0.1 0.0 0.1
715 10 11 12 18 0.0 0.0 0.1 0.0 0.1 0.0 0.1 0.0 0.0 0.0 0.0 0.0
715 10 11 12 20 0.0 0.0 0.1 0.0 0.0 0.1 0.1 0.1 0.0 0.0 0.0 0.1
715 10 11 12 21 0.0 0.0 0.0 0.0 0.0 0.0 0.0 0.0 0.0 0.0 0.1 0.0
715 10 11 12 22 0.0 0.1 0.1 0.0 0.1 0.0 0.1 0.2 0.1 0.3 0.1 0.1
715 10 11 12 23 0.1 0.2 0.1 0.1 0.0 0.0 0.1 0.1 0.0 0.0 0.0 0.0
715 10 11 12 24 0.0 0.0 0.0 0.0 0.0 0.0 0.0 0.0 0.0 0.1 0.0 0.0
715 10 11 13 5 0.0 0.0 0.0 0.0 0.0 0.0 0.1 0.0 0.1 0.0 0.0 0.1
715 10 11 13 6 0.0 0.0 0.1 0.1 0.0 0.0 0.0 0.0 0.0 0.0 0.0 0.0
715 10 11 13 7 0.0 0.1 0.0 0.1 0.0 0.0 0.0 0.1 0.1 0.0 0.0 0.0
715 10 11 13 8 0.1 0.0 0.0 0.0 0.0 0.0 0.1 0.1 0.2 0.2 0.1 0.2
715 10 11 13 9 0.0 0.1 0.0 0.1 0.1 0.0 0.0 0.0 0.0 0.0 0.0 0.0
715 10 11 15 20 0.0 0.0 1.4 2.1 1.1 1.4 0.9 1.0 0.4 0.0 0.1 0.0
715 10 11 16 20 0.0 0.0 0.0 0.0 0.0 0.0 0.0 0.0 0.3 0.3 0.1 0.1
715 10 11 16 21 0.0 0.1 0.0 0.0 0.0 0.1 0.0 0.0 0.0 0.0 0.0 0.0
