716 10 11 12 15 0.0 0.0 0.0 0.0 0.0 0.1 0.6 1.9 1.7 0.4 0.2 0.2
716 10 11 12 16 1.6 1.5 0.9 0.3 0.1 0.8 0.2 0.1 0.0 0.1 0.0 0.0
716 10 11 12 17 0.0 0.0 0.0 0.0 0.0 0.0 0.1 0.1 0.1 0.0 0.1 0.0
716 10 11 12 18 0.1 0.0 0.0 0.0 0.0 0.0 0.0 0.0 0.0 0.0 0.1 0.0
716 10 11 12 19 0.0 0.0 0.0 0.0 0.0 0.0 0.0 0.0 0.0 0.7 2.4 8.9
716 10 11 12 20 4.6 1.1 0.2 0.1 0.1 0.0 0.0 0.1 0.0 0.0 0.0 0.1
716 10 11 12 21 0.0 0.0 0.0 0.0 0.0 0.2 0.0 0.0 0.0 0.0 0.0 0.2
716 10 11 12 22 0.0 0.0 0.1 0.0 0.1 0.3 0.5 0.3 0.2 0.2 0.1 0.1
716 10 11 12 23 0.1 0.1 0.1 0.0 0.0 0.0 0.1 0.0 0.0 0.0 0.0 0.0
716 10 11 12 24 0.0 0.0 0.0 0.0 0.0 0.0 0.0 0.0 0.0 0.0 0.1 0.1
716 10 11 13 1 0.0 0.1 0.1 0.1 0.1 0.1 0.1 0.1 0.1 0.1 0.0 0.0
716 10 11 13 3 0.0 0.0 0.0 0.0 0.0 0.0 0.0 0.1 0.0 0.0 0.1 0.0
716 10 11 13 4 0.1 0.0 0.1 0.0 0.0 0.0 0.0 0.1 0.0 0.0 0.1 0.0
716 10 11 13 5 0.0 0.0 0.0 0.0 0.0 0.0 0.0 0.0 0.1 0.0 0.0 0.0
716 10 11 13 6 0.0 0.0 0.0 0.0 0.0 0.0 0.0 0.0 0.0 0.2 0.1 0.1
716 10 11 13 7 0.0 0.1 0.0 0.0 0.0 0.0 0.1 0.0 0.0 0.0 0.1 0.1
716 10 11 13 8 0.0 0.0 0.0 0.1 0.0 0.0 0.0 0.0 0.0 0.0 0.0 0.0
716 10 11 13 23 0.0 0.0 0.0 0.0 0.0 0.0 0.0 0.0 0.0 0.3 0.1 0.0
716 10 11 13 24 0.0 0.1 0.0 0.0 0.0 0.0 0.0 0.0 0.0 0.0 0.0 0.0
716 10 11 17 21 0.0 0.0 0.0 0.0 0.0 0.0 0.0 0.1 0.1 0.0 0.0 0.0
