622 10 3 5 1 0.0 0.0 0.1 0.0 0.0 0.0 0.0 0.0 0.0 0.0 0.0 0.0
622 10 3 5 5 0.0 0.0 0.0 0.0 0.1 0.0 0.1 0.0 0.0 0.1 0.0 0.1
622 10 3 5 6 0.0 0.0 0.0 0.1 0.1 0.1 0.1 0.1 0.2 0.1 0.1 0.0
622 10 3 5 7 0.0 0.0 0.0 0.0 0.1 0.0 0.0 0.1 0.0 0.1 0.0 0.1
622 10 3 5 8 0.0 0.0 0.1 0.0 0.0 0.1 0.0 0.0 0.1 0.0 0.0 0.1
622 10 3 6 14 0.0 0.0 0.0 0.0 0.0 0.0 0.0 0.1 0.0 0.0 0.0 0.0
622 10 3 7 23 0.0 0.0 0.0 0.0 0.0 0.0 0.0 0.0 0.0 0.1 0.0 0.0
622 10 3 7 24 0.0 0.0 0.0 0.0 0.0 0.0 0.0 0.0 0.1 0.0 0.0 0.1
622 10 3 8 1 0.0 0.0 0.0 0.1 0.0 0.0 0.0 0.0 0.0 0.0 0.0 0.0
622 10 3 8 2 0.0 0.0 0.0 0.1 0.0 0.0 0.0 0.0 0.0 0.0 0.0 0.0
622 10 3 8 3 0.0 0.0 0.0 0.1 0.0 0.1 0.0 0.1 0.0 0.1 0.0 0.0
622 10 3 8 4 0.0 0.1 0.0 0.0 0.0 0.0 0.0 0.0 0.0 0.0 0.0 0.0
622 10 3 8 5 0.0 0.0 0.0 0.0 0.0 0.0 0.0 0.0 0.0 0.0 0.0 0.1
622 10 3 8 6 0.1 0.1 0.1 0.1 0.1 0.2 0.2 0.1 0.1 0.1 0.1 0.1
622 10 3 8 7 0.1 0.1 0.1 0.1 0.1 0.1 0.2 0.1 0.2 0.2 0.2 0.3
622 10 3 8 8 0.3 0.2 0.4 0.3 0.4 0.3 0.2 0.2 0.2 0.2 0.1 0.1
622 10 3 8 9 0.2 0.1 0.1 0.2 0.1 0.1 0.1 0.1 0.2 0.1 0.1 0.1
622 10 3 8 10 0.1 0.0 0.1 0.0 0.0 0.0 0.0 0.0 0.0 0.0 0.0 0.0
622 10 3 8 23 0.0 0.0 0.0 0.0 0.0 0.0 0.0 0.0 0.0 0.0 0.1 0.0
622 10 3 9 1 0.0 0.1 0.1 0.0 0.1 0.1 0.0 0.0 0.1 0.0 0.1 0.0
622 10 3 9 2 0.0 0.0 0.1 0.1 0.1 0.1 0.1 0.1 0.1 0.1 0.1 0.1
622 10 3 9 3 0.1 0.1 0.1 0.1 0.0 0.1 0.1 0.1 0.0 0.0 0.1 0.0
622 10 3 9 4 0.0 0.0 0.1 0.1 0.0 0.0 0.0 0.0 0.0 0.0 0.0 0.0
622 10 3 9 5 0.0 0.0 0.1 0.0 0.0 0.0 0.0 0.0 0.0 0.0 0.0 0.1
622 10 3 9 6 0.0 0.0 0.0 0.1 0.1 0.1 0.1 0.1 0.2 0.2 0.2 0.2
622 10 3 9 7 0.1 0.1 0.1 0.1 0.6 0.1 0.2 0.1 0.2 0.1 0.1 0.2
622 10 3 9 8 0.1 0.2 0.1 0.1 0.2 0.1 0.0 0.1 0.0 0.1 0.1 0.0
622 10 3 9 9 0.0 0.1 0.0 0.1 0.1 0.0 0.1 0.0 0.0 0.1 0.0 0.0
622 10 3 9 10 0.0 0.0 0.0 0.0 0.1 0.0 0.0 0.0 0.0 0.1 0.0 0.0
622 10 3 10 4 0.0 0.1 0.0 0.0 0.0 0.0 0.0 0.0 0.0 0.0 0.0 0.0
622 10 3 10 6 0.0 0.1 0.0 0.1 0.0 0.0 0.0 0.1 0.0 0.0 0.0 0.0
622 10 3 10 7 0.0 0.1 0.0 0.0 0.0 0.0 0.0 0.0 0.0 0.0 0.0 0.0
622 10 3 10 11 0.0 0.0 0.0 0.0 0.1 0.1 0.1 0.1 0.1 0.2 0.1 0.1
622 10 3 10 12 0.1 0.1 0.1 0.1 0.1 0.1 0.1 0.1 0.1 0.0 0.1 0.0
622 10 3 10 21 0.0 0.0 0.0 0.1 0.0 0.0 0.0 0.0 0.0 0.1 0.0 0.0
622 10 3 10 22 0.0 0.0 0.0 0.0 0.0 0.1 0.2 0.0 0.0 0.1 0.0 0.1
622 10 3 10 23 0.0 0.0 0.1 0.2 0.1 0.3 0.2 0.2 0.2 0.1 0.1 0.1
622 10 3 10 24 0.1 0.1 0.2 0.0 0.0 0.0 0.0 0.1 0.0 0.0 0.0 0.1
622 10 3 11 1 0.1 0.0 0.1 0.0 0.0 0.0 0.0 0.0 0.0 0.0 0.0 0.0
622 10 3 11 2 0.0 0.0 0.0 0.1 0.0 0.0 0.1 0.0 0.0 0.1 0.1 0.0
622 10 3 11 3 0.0 0.1 0.0 0.1 0.0 0.1 0.0 0.0 0.1 0.0 0.1 0.0
622 10 3 11 8 0.0 0.0 0.1 0.1 0.1 0.1 0.2 0.1 0.1 0.1 0.0 0.1
622 10 3 11 9 0.1 0.1 0.0 0.1 0.1 0.0 0.0 0.1 0.0 0.0 0.0 0.1
622 10 3 23 21 0.0 0.0 0.0 0.0 0.0 0.0 0.0 0.0 0.0 0.1 0.0 0.0
622 10 3 23 22 0.0 0.1 0.0 0.1 0.0 0.1 0.1 0.1 0.0 0.1 0.0 0.0
622 10 3 23 23 0.1 0.1 0.0 0.1 0.0 0.1 0.1 0.0 0.0 0.1 0.0 0.1
622 10 3 23 24 0.0 0.1 0.0 0.0 0.0 0.0 0.0 0.0 0.1 0.0 0.0 0.0
622 10 3 24 2 0.0 0.1 0.0 0.0 0.0 0.0 0.0 0.0 0.0 0.1 0.0 0.1
622 10 3 24 4 0.0 0.0 0.0 0.0 0.0 0.0 0.2 0.1 0.1 0.0 0.1 0.0
622 10 3 24 5 0.0 0.0 0.0 0.0 0.0 0.0 0.0 0.0 0.0 0.0 0.0 0.1
622 10 3 24 6 0.0 0.0 0.1 0.0 0.0 0.0 0.0 0.0 0.0 0.1 0.0 0.1
622 10 3 24 7 0.0 0.1 0.0 0.0 0.0 0.0 0.0 0.0 0.0 0.0 0.0 0.1
622 10 3 24 8 0.0 0.0 0.0 0.0 0.0 0.0 0.0 0.1 0.0 0.0 0.0 0.0
622 10 3 24 24 0.0 0.0 0.0 0.0 0.0 0.1 0.0 0.1 0.0 0.0 0.0 0.0
622 10 3 28 10 0.0 0.0 0.0 0.0 0.0 0.0 0.1 0.0 0.0 0.0 0.1 0.0
622 10 3 28 16 0.0 0.1 0.0 0.0 0.1 0.0 0.0 0.0 0.1 0.0 0.0 0.0
