715 10 3 7 10 0.0 0.0 0.0 0.0 0.1 0.1 0.0 0.1 0.1 0.1 0.0 0.1
715 10 3 7 11 0.0 0.1 0.1 0.0 0.0 0.1 0.0 0.1 0.0 0.0 0.0 0.0
715 10 3 7 17 0.0 0.0 0.0 0.1 0.0 0.1 0.0 0.0 0.1 0.0 0.1 0.0
715 10 3 7 18 0.1 0.1 0.0 0.1 0.1 0.1 0.1 0.1 0.1 0.0 0.1 0.1
715 10 3 7 19 0.1 0.0 0.1 0.1 0.1 0.1 0.1 0.2 0.0 0.1 0.1 0.0
715 10 3 7 20 0.0 0.2 0.1 0.2 0.1 0.2 0.2 0.1 0.1 0.1 0.1 0.2
715 10 3 7 21 0.2 0.2 0.1 0.3 0.2 0.2 0.1 0.2 0.2 0.1 0.2 0.4
715 10 3 7 22 0.3 0.3 0.1 0.1 0.0 0.1 0.1 0.0 0.1 0.1 0.1 0.1
715 10 3 7 23 0.0 0.1 0.0 0.0 0.1 0.3 0.1 0.1 0.1 0.0 0.0 0.0
715 10 3 7 24 0.1 0.1 0.1 0.1 0.0 0.0 0.0 0.0 0.0 0.0 0.0 0.0
715 10 3 9 1 0.0 0.0 0.0 0.0 0.0 0.1 0.0 0.0 0.0 0.0 0.0 0.0
715 10 3 9 3 0.0 0.0 0.0 0.0 0.0 0.0 0.0 0.0 0.0 0.1 0.0 0.0
715 10 3 9 4 0.0 0.0 0.0 0.0 0.0 0.1 0.0 0.0 0.0 0.0 0.1 0.0
715 10 3 9 8 0.0 0.0 0.0 0.0 0.0 0.0 0.1 0.0 0.0 0.0 0.1 0.0
715 10 3 10 18 0.0 0.0 0.0 0.0 0.0 0.0 0.0 0.0 0.0 0.1 0.0 0.0
715 10 3 10 19 0.0 0.0 0.0 0.2 0.0 0.1 0.0 0.0 0.1 0.0 0.0 0.0
715 10 3 14 10 0.0 0.0 0.0 0.0 0.0 0.1 0.1 0.0 0.0 0.0 0.0 0.0
