716 10 3 7 10 0.0 0.0 0.0 0.0 0.0 0.0 0.0 0.1 0.0 0.0 0.0 0.1
716 10 3 7 11 0.0 0.0 0.0 0.0 0.0 0.0 0.0 0.1 0.0 0.0 0.0 0.0
716 10 3 7 18 0.0 0.0 0.0 0.0 0.0 0.0 0.0 0.0 0.0 0.0 0.0 0.1
716 10 3 7 19 0.0 0.0 0.0 0.0 0.0 0.0 0.0 0.0 0.0 0.0 0.0 0.1
716 10 3 7 20 0.0 0.1 0.0 0.0 0.0 0.0 0.0 0.0 0.0 0.0 0.0 0.0
716 10 3 7 21 0.0 0.0 0.0 0.0 0.0 0.0 0.0 0.0 0.0 0.0 0.0 0.2
716 10 3 7 22 0.1 0.2 0.1 0.2 0.1 0.0 0.1 0.0 0.1 0.0 0.0 0.0
716 10 3 7 23 0.1 0.0 0.1 0.1 0.0 0.0 0.1 0.0 0.0 0.1 0.0 0.0
716 10 3 7 24 0.1 0.0 0.0 0.0 0.0 0.1 0.0 0.1 0.1 0.1 0.0 0.0
716 10 3 8 1 0.1 0.0 0.1 0.0 0.1 0.0 0.1 0.0 0.0 0.0 0.0 0.0
716 10 3 9 4 0.4 0.0 0.1 0.1 0.0 0.1 0.0 0.0 0.0 0.0 0.0 0.0
716 10 3 9 5 0.0 0.0 0.0 0.0 0.0 0.0 0.0 0.0 0.0 0.0 0.0 0.1
716 10 3 9 7 0.0 0.0 0.0 0.0 0.0 0.0 0.0 0.0 0.0 0.0 0.1 0.0
716 10 3 9 8 0.0 0.0 0.0 0.0 0.0 0.1 0.0 0.0 0.0 0.0 0.0 0.1
716 10 3 14 4 0.0 0.0 0.0 0.0 0.0 0.0 0.0 0.0 0.1 0.0 0.0 0.0
716 10 3 14 5 0.0 0.0 0.0 0.0 0.1 0.1 0.1 0.1 0.1 0.0 0.1 0.1
716 10 3 14 6 0.1 0.0 0.2 0.1 0.1 0.1 0.1 0.1 0.0 0.0 0.1 0.0
716 10 3 14 7 0.1 0.0 0.0 0.1 0.0 0.0 0.1 0.1 0.0 0.1 0.0 0.0
716 10 3 14 8 0.1 0.1 0.0 0.1 0.1 0.1 0.2 0.1 0.1 0.1 0.0 0.1
716 10 3 14 10 0.0 0.0 0.0 0.0 0.1 0.1 0.2 0.2 0.0 0.1 0.0 0.0
716 10 3 14 11 0.0 0.0 0.1 0.0 0.0 0.0 0.0 0.0 0.0 0.0 0.0 0.0
