622 10 7 8 3 0.0 0.0 0.0 0.0 0.0 0.0 0.1 0.2 0.7 0.3 0.0 0.0
622 10 7 8 8 0.0 0.0 0.0 0.0 0.1 0.2 0.3 0.0 0.0 0.1 0.0 0.0
622 10 7 8 9 0.0 0.0 0.0 0.1 0.5 0.1 0.0 0.1 0.0 0.0 0.2 0.1
622 10 7 8 10 0.0 0.1 0.1 0.1 0.1 0.1 0.0 0.0 0.0 0.0 0.0 0.0
622 10 7 19 4 0.0 0.0 0.0 0.0 0.0 0.0 0.1 0.1 0.0 0.0 0.1 0.0
622 10 7 19 24 0.0 0.0 0.0 0.0 0.0 0.1 0.1 0.2 0.1 0.1 0.1 0.1
622 10 7 20 1 0.1 0.0 0.0 0.0 0.0 0.0 0.0 0.1 0.0 0.0 0.0 0.0
622 10 7 25 3 0.0 0.0 0.1 0.1 0.0 0.1 0.1 0.0 0.0 0.0 0.0 0.1
622 10 7 25 23 0.0 0.0 0.0 0.0 0.1 0.0 0.2 0.0 0.1 0.1 0.1 0.0
622 10 7 25 24 0.1 0.1 0.1 0.0 0.1 0.1 0.0 0.0 0.1 0.0 0.1 0.1
622 10 7 26 1 0.1 0.0 0.0 0.1 0.0 0.0 0.1 0.0 0.0 0.0 0.0 0.0
622 10 7 26 9 0.2 0.1 0.0 0.1 0.3 0.4 0.2 0.1 0.0 0.0 0.0 0.1
622 10 7 26 16 0.0 0.0 0.0 0.3 0.3 0.2 0.1 0.0 0.1 0.1 1.3 1.2
622 10 7 26 17 4.6 0.3 0.1 0.0 0.0 0.0 0.0 0.0 0.0 0.0 0.0 0.1
622 10 7 26 24 0.0 0.0 0.1 0.0 0.0 0.1 0.0 0.0 0.0 0.0 0.0 0.0
