622 10 5 7 24 0.0 0.0 0.0 0.0 0.0 0.0 0.0 0.0 0.0 0.1 0.0 0.0
622 10 5 15 10 0.0 0.0 0.0 0.0 0.0 0.0 0.1 0.2 0.2 0.4 0.2 0.1
622 10 5 15 11 0.1 0.1 0.2 0.2 0.2 0.3 0.2 0.3 0.3 0.2 0.4 0.3
622 10 5 15 12 0.3 0.2 0.5 0.3 0.3 0.2 0.1 0.1 0.2 0.3 0.4 0.3
622 10 5 15 13 0.2 0.2 0.3 0.2 0.2 0.2 0.1 0.2 0.1 0.1 0.2 0.2
622 10 5 15 14 0.2 0.2 0.1 0.2 0.2 0.1 0.2 0.1 0.2 0.2 0.2 0.1
622 10 5 15 15 0.1 0.1 0.2 0.1 0.0 0.1 0.0 0.1 0.1 0.1 0.1 0.1
622 10 5 15 16 0.1 0.2 0.3 0.1 0.0 0.0 0.0 0.0 0.0 0.0 0.0 0.0
622 10 5 21 4 0.0 0.0 0.0 0.1 0.0 0.1 0.0 0.0 0.0 0.0 0.0 0.1
622 10 5 21 5 0.0 0.0 0.0 0.0 0.1 0.0 0.1 0.0 0.0 0.1 0.0 0.2
622 10 5 21 6 0.2 0.2 0.1 0.1 0.2 0.1 0.1 0.0 0.1 0.1 0.0 0.0
622 10 5 21 7 0.2 0.2 0.2 0.2 0.2 0.1 0.2 0.2 0.2 0.2 0.2 0.2
622 10 5 21 8 0.2 0.1 0.2 0.2 0.2 0.3 0.3 0.1 0.3 0.3 0.1 0.2
622 10 5 21 9 0.2 0.2 0.3 0.2 0.2 0.4 0.4 0.4 0.3 0.3 0.3 0.0
622 10 5 21 10 0.2 0.2 0.3 0.2 0.1 0.2 0.3 0.3 0.2 0.2 0.2 0.2
622 10 5 21 11 0.2 0.2 0.2 0.2 0.1 0.1 0.1 0.1 0.1 0.1 0.0 0.1
622 10 5 21 12 0.1 0.2 0.1 0.2 0.1 0.2 0.2 0.2 0.3 0.2 0.3 0.0
622 10 5 21 13 0.7 0.3 0.3 0.3 0.1 0.1 0.0 0.0 0.1 0.0 0.0 0.0
622 10 5 21 14 0.0 0.0 0.0 0.0 0.0 0.1 0.0 0.1 0.2 0.4 0.4 0.2
622 10 5 21 15 0.1 0.1 0.1 0.0 0.3 0.2 0.4 0.4 0.4 0.3 0.1 0.1
622 10 5 21 16 0.1 0.0 0.0 0.1 0.0 0.0 0.0 0.1 0.2 0.6 0.1 0.1
622 10 5 21 17 0.1 0.0 0.2 0.1 0.0 0.0 0.0 0.0 0.0 0.0 0.0 0.1
622 10 5 22 7 0.0 0.0 0.0 0.1 0.0 0.0 0.1 0.0 0.1 0.1 0.1 0.1
622 10 5 22 8 0.2 0.4 0.3 0.0 0.2 0.2 0.1 0.0 0.1 0.0 0.0 0.0
622 10 5 22 9 0.0 0.1 0.0 0.0 0.2 0.0 0.0 0.0 0.0 0.0 0.0 0.0
622 10 5 22 10 0.0 0.0 0.1 0.0 0.0 0.0 0.0 0.0 0.0 0.0 0.0 0.0
622 10 5 22 11 0.0 0.0 0.0 0.0 0.0 0.1 0.0 0.0 0.0 0.1 0.0 0.0
622 10 5 22 21 0.0 0.0 0.0 0.0 0.0 0.1 0.0 0.1 0.1 0.0 0.1 0.0
622 10 5 30 2 0.0 0.0 0.0 0.0 0.0 0.0 0.0 0.0 0.3 0.3 0.3 0.2
622 10 5 30 3 0.0 0.1 0.0 0.0 0.0 0.0 0.0 0.0 0.0 0.0 0.0 0.0
