715 10 5 15 14 0.0 0.0 0.0 0.0 0.0 0.0 0.0 0.1 0.0 0.0 0.0 0.0
715 10 5 21 5 0.3 0.1 0.1 0.2 0.7 0.3 1.3 1.9 0.7 0.9 0.8 0.0
715 10 5 21 6 0.0 0.1 0.1 0.0 0.1 0.0 0.0 0.0 0.0 0.0 0.0 0.0
715 10 5 21 7 0.0 0.1 0.0 0.1 0.0 0.1 0.1 0.0 0.0 0.0 0.0 0.0
715 10 5 21 8 0.0 0.0 0.0 0.0 0.1 0.0 0.0 0.0 0.0 0.0 0.0 0.0
715 10 5 21 11 0.0 0.0 0.0 0.0 0.0 0.0 0.0 0.0 0.1 0.5 0.6 0.1
715 10 5 23 17 0.0 0.0 0.2 0.0 0.0 0.0 0.0 0.1 0.2 0.0 0.0 0.0
715 10 5 23 18 0.0 0.0 0.0 0.1 0.1 0.3 0.5 0.4 0.1 0.1 0.0 0.0
715 10 5 23 19 0.1 0.0 0.0 0.0 0.7 0.6 0.4 0.4 0.4 0.1 0.1 0.1
715 10 5 23 20 0.1 0.3 0.3 0.0 0.1 0.1 0.2 0.1 0.2 0.0 0.2 0.0
715 10 5 23 21 0.1 0.0 0.0 0.0 0.1 0.2 0.1 0.0 0.0 0.0 0.0 0.0
