716 10 5 15 7 0.0 0.0 0.0 0.0 0.0 0.0 0.0 0.1 0.0 0.1 0.0 0.1
716 10 5 15 8 0.0 0.0 0.0 0.0 0.1 0.1 0.1 0.0 0.0 0.0 0.0 0.0
716 10 5 15 9 0.1 0.1 0.1 0.0 0.0 0.1 0.0 0.0 0.1 0.0 0.0 0.0
716 10 5 15 10 0.0 0.1 0.0 0.0 0.0 0.0 0.0 0.0 0.0 0.1 0.0 0.0
716 10 5 15 14 0.0 0.0 0.1 0.0 0.0 0.1 0.1 0.0 0.0 0.0 0.0 0.0
716 10 5 21 4 0.0 0.0 0.0 0.0 0.0 0.0 0.0 0.2 0.3 0.2 1.8 3.5
716 10 5 21 5 2.0 2.4 7.0 1.2 0.1 0.2 0.1 0.0 0.0 0.0 0.0 0.0
716 10 5 21 7 0.0 0.0 0.0 0.0 0.0 0.0 0.0 0.0 0.1 0.0 0.1 0.0
716 10 5 22 7 0.0 0.0 0.0 0.0 0.0 0.0 0.2 0.1 0.1 0.0 0.1 0.0
716 10 5 22 8 0.0 0.0 0.0 0.0 0.0 0.0 0.0 0.1 0.0 0.0 0.0 0.0
